,TAG,Value,Time
0,B,0,0
1,R,16748,0
2,B,883,0
3,I,15609,0
4,B,2630,0
5,R,16659,0
6,B,902,0
7,I,15884,0
8,B,2764,1
9,R,16716,1
10,B,966,1
11,I,15478,1
12,B,2524,1
13,R,16732,1
14,B,921,1
15,I,15564,1
16,B,2793,1
17,R,16742,2
18,B,937,3
19,I,15654,4
20,B,2822,4
21,R,16768,5
22,B,940,6
23,I,15548,7
24,B,2832,8
25,R,16761,8
26,B,937,9
27,I,15651,10
28,B,2819,11
29,R,16806,12
30,B,937,13
31,I,15641,13
32,B,2768,14
33,R,16761,15
34,B,950,16
35,I,15635,17
36,B,2803,18
37,R,16787,19
38,B,956,20
39,I,15648,20
40,B,2819,21
41,R,16768,22
42,B,972,23
43,I,15558,24
44,B,2777,25
45,R,16790,26
46,B,931,27
47,I,15667,27
48,B,2790,28
49,R,16697,29
50,B,896,30
51,I,15606,31
52,B,2758,32
53,R,16803,33
54,B,924,34
55,I,15548,34
56,B,2771,35
57,R,16748,36
58,B,912,37
59,I,15654,38
60,B,2848,39
61,R,16758,40
62,B,924,41
63,I,15590,41
64,B,2790,42
65,R,16771,43
66,B,918,44
67,I,15606,45
68,B,2816,46
69,R,16758,47
70,B,934,48
71,I,15667,49
72,B,2796,49
73,R,16800,50
74,B,982,51
75,I,15558,52
76,B,2777,53
77,R,16777,54
78,B,966,55
79,I,15625,56
80,B,2806,56
81,R,16713,57
82,B,886,58
83,I,15616,59
84,B,2822,60
85,R,16729,61
86,B,931,62
87,I,15609,63
88,B,2777,64
89,R,16726,64
90,B,912,65
91,I,15632,66
92,B,2860,67
93,R,16716,68
94,B,940,69
95,I,15600,70
96,B,2780,71
97,R,16780,71
98,B,992,72
99,I,15603,73
100,B,2761,74
101,R,16764,75
102,B,912,76
103,I,15609,77
104,B,2816,78
105,R,16704,78
106,B,960,79
107,I,15577,80
108,B,2784,81
109,R,16726,82
110,B,931,83
111,I,15619,84
112,B,2806,85
113,R,16761,85
114,B,976,86
115,I,15622,87
116,B,2822,88
117,R,16803,89
118,B,960,90
119,I,15616,91
120,B,2790,92
121,R,16726,92
122,B,950,93
123,I,15632,94
124,B,2790,95
125,R,16723,96
126,B,937,97
127,I,15555,98
128,B,2796,99
129,R,16777,100
130,B,681,101
131,I,15580,101
132,B,2473,102
133,R,16710,103
134,B,707,104
135,I,15587,105
136,B,2425,106
137,R,16681,107
138,B,713,108
139,I,15587,109
140,B,2368,110
141,R,16732,111
142,B,732,112
143,I,15545,113
144,B,2419,114
145,R,16707,115
146,B,688,116
147,I,15616,117
148,B,2486,118
149,R,16787,119
150,B,672,120
151,I,15593,121
152,B,2435,122
153,R,16780,123
154,B,697,124
155,I,15529,125
156,B,2406,126
157,R,16752,127
158,B,668,128
159,I,15644,128
160,B,2377,129
161,R,16774,130
162,B,640,131
163,I,15635,132
164,B,2428,133
165,R,16736,134
166,B,668,135
167,I,15568,136
168,B,2515,137
169,R,16710,138
170,B,704,139
171,I,15600,140
172,B,2512,141
173,R,16716,142
174,B,656,143
175,I,15635,144
176,B,2419,145
177,R,16726,146
178,B,668,147
179,I,15590,148
180,B,2451,149
181,R,16768,150
182,B,662,151
183,I,15648,152
184,B,2438,153
185,R,16707,154
186,B,643,155
187,I,15516,155
188,B,2432,156
189,R,16729,157
190,B,694,158
191,I,15584,159
192,B,2460,160
193,R,16726,161
194,B,707,162
195,I,15600,163
196,B,2390,164
197,R,16764,165
198,B,643,166
199,I,15580,167
200,B,2403,168
201,R,16777,169
202,B,678,170
203,I,15539,171
204,B,2448,172
205,R,16710,173
206,B,688,174
207,I,15584,175
208,B,2422,176
209,R,16755,177
210,B,742,178
211,I,15558,179
212,B,2406,180
213,R,16704,181
214,B,665,182
215,I,15577,182
216,B,2396,183
217,R,16716,184
218,B,668,185
219,I,15555,186
220,B,2441,187
221,R,16752,188
222,B,672,189
223,I,15523,190
224,B,2470,191
225,R,16723,192
226,B,684,193
227,I,15504,194
228,B,2416,195
229,R,16745,196
230,B,662,197
231,I,15564,198
232,B,2384,199
233,R,16742,200
234,B,691,201
235,I,15555,202
236,B,2377,203
237,R,16787,204
238,B,697,205
239,I,15574,206
240,B,2432,207
241,R,16742,208
242,B,694,209
243,I,15539,209
244,B,2464,210
245,R,16720,211
246,B,672,212
247,I,15596,213
248,B,2454,214
249,R,16697,215
250,B,678,216
251,I,15632,217
252,B,2428,218
253,R,16726,219
254,B,649,220
255,I,15571,221
256,B,2406,222
257,R,16761,223
258,B,630,224
259,I,15529,225
260,B,2425,226
261,R,16761,227
262,B,704,228
263,I,15516,229
264,B,2473,230
265,R,16716,231
266,B,707,232
267,I,15552,233
268,B,2448,234
269,R,16649,235
270,B,697,236
271,I,15558,236
272,B,2419,237
273,R,16761,238
274,B,675,239
275,I,15452,240
276,B,2435,241
277,R,16752,242
278,B,620,243
279,I,15552,244
280,B,2428,245
281,R,16745,246
282,B,723,247
283,I,15532,248
284,B,2438,249
285,R,16732,250
286,B,742,251
287,I,15561,252
288,B,2406,253
289,R,16665,254
290,B,777,255
291,I,15571,256
292,B,2451,257
293,R,16716,258
294,B,704,259
295,I,15603,260
296,B,2400,261
297,R,16732,262
298,B,691,263
299,I,15513,263
300,B,2460,264
301,R,16681,265
302,B,707,266
303,I,15555,267
304,B,2432,268
305,R,16739,269
306,B,729,270
307,I,15529,271
308,B,2400,272
309,R,16684,273
310,B,691,274
311,I,15520,275
312,B,2451,276
313,R,16665,277
314,B,672,278
315,I,15580,279
316,B,2480,280
317,R,16732,281
318,B,633,282
319,I,15529,283
320,B,2438,284
321,R,16771,285
322,B,636,286
323,I,15619,287
324,B,2457,288
325,R,16745,289
326,B,627,290
327,I,15635,290
328,B,2412,291
329,R,16726,292
330,B,672,293
331,I,15539,294
332,B,2387,295
333,R,16726,296
334,B,668,297
335,I,15571,298
336,B,2438,299
337,R,16707,300
338,B,713,301
339,I,15539,302
340,B,2435,303
341,R,16755,304
342,B,726,305
343,I,15526,306
344,B,2422,307
345,R,16713,308
346,B,668,309
347,I,15580,310
348,B,2457,311
349,R,16707,312
350,B,694,313
351,I,15590,314
352,B,2444,315
353,R,16771,316
354,B,704,317
355,I,15475,317
356,B,2412,318
357,R,16726,319
358,B,704,320
359,I,15561,321
360,B,2457,322
361,R,16707,323
362,B,739,324
363,I,15507,325
364,B,2467,326
365,R,16758,327
366,B,656,328
367,I,15552,329
368,B,2400,330
369,R,16710,331
370,B,649,332
371,I,15577,333
372,B,2480,334
373,R,16780,335
374,B,659,336
375,I,15536,337
376,B,2444,338
377,R,16713,339
378,B,678,340
379,I,15500,341
380,B,2422,342
381,R,16700,343
382,B,675,344
383,I,15577,344
384,B,2441,345
385,R,16675,346
386,B,729,347
387,I,15542,348
388,B,2406,349
389,R,16729,350
390,B,672,351
391,I,15561,352
392,B,2438,353
393,R,16710,354
394,B,608,355
395,I,15558,356
396,B,2470,357
397,R,16748,358
398,B,713,359
399,I,15478,360
400,B,2425,361
401,R,16729,362
402,B,678,363
403,I,15548,364
404,B,2438,365
405,R,16713,366
406,B,700,367
407,I,15542,368
408,B,2416,369
409,R,16723,370
410,B,700,371
411,I,15504,371
412,B,2419,372
413,R,16780,373
414,B,649,374
415,I,15532,375
416,B,2448,376
417,R,16713,377
418,B,704,378
419,I,15558,379
420,B,2457,380
421,R,16710,381
422,B,726,382
423,I,15590,383
424,B,2406,384
425,R,16707,385
426,B,764,386
427,I,15545,387
428,B,2441,388
429,R,16729,389
430,B,691,390
431,I,15484,391
432,B,2416,392
433,R,16700,393
434,B,694,394
435,I,15590,395
436,B,2483,396
437,R,16691,397
438,B,688,398
439,I,15542,398
440,B,2403,399
441,R,16732,400
442,B,656,401
443,I,15494,402
444,B,2406,403
445,R,16723,404
446,B,700,405
447,I,15539,406
448,B,2457,407
449,R,16758,408
450,B,643,409
451,I,15523,410
452,B,2428,411
453,R,16732,412
454,B,643,413
455,I,15523,414
456,B,2454,415
457,R,16694,416
458,B,716,417
459,I,15532,418
460,B,2444,419
461,R,16707,420
462,B,649,421
463,I,15507,422
464,B,2432,423
465,R,16697,424
466,B,668,425
467,I,15491,425
468,B,2409,426
469,R,16704,427
470,B,688,428
471,I,15555,429
472,B,2467,430
473,R,16710,431
474,B,656,432
475,I,15545,433
476,B,2444,434
477,R,16697,435
478,B,726,436
479,I,15504,437
480,B,2425,438
481,R,16736,439
482,B,710,440
483,I,15580,441
484,B,2425,442
485,R,16742,443
486,B,630,444
487,I,15536,445
488,B,2435,446
489,R,16729,447
490,B,614,448
491,I,15625,449
492,B,2435,450
493,R,16742,451
494,B,662,452
495,I,15526,452
496,B,2400,453
497,R,16732,454
498,B,710,455
499,I,15574,456
500,B,2400,457
501,R,16684,458
502,B,678,459
503,I,15558,460
504,B,2435,461
505,R,16713,462
506,B,668,463
507,I,15529,464
508,B,2460,465
509,R,16742,466
510,B,668,467
511,I,15468,468
512,B,2464,469
513,R,16707,470
514,B,675,471
515,I,15558,472
516,B,2432,473
517,R,16736,474
518,B,748,475
519,I,15561,476
520,B,2361,477
521,R,16729,478
522,B,649,479
523,I,15513,479
524,B,2393,480
525,R,16704,481
526,B,716,482
527,I,15523,483
528,B,2476,484
529,R,16732,485
530,B,646,486
531,I,15526,487
532,B,2505,488
533,R,16704,489
534,B,678,490
535,I,15472,491
536,B,2396,492
537,R,16691,493
538,B,678,494
539,I,15561,495
540,B,2425,496
541,R,16700,497
542,B,678,498
543,I,15580,499
544,B,2393,500
545,R,16716,501
546,B,649,502
547,I,15561,503
548,B,2412,504
549,R,16665,505
550,B,736,506
551,I,15484,506
552,B,2451,507
553,R,16675,508
554,B,691,509
555,I,15555,510
556,B,2377,511
557,R,16748,512
558,B,675,513
559,I,15539,514
560,B,2396,515
561,R,16694,516
562,B,675,517
563,I,15558,518
564,B,2406,519
565,R,16755,520
566,B,678,521
567,I,15481,522
568,B,2435,523
569,R,16684,524
570,B,672,525
571,I,15542,526
572,B,2483,527
573,R,16700,528
574,B,678,529
575,I,15571,530
576,B,2432,531
577,R,16742,532
578,B,678,533
579,I,15590,533
580,B,2419,534
581,R,16755,535
582,B,716,536
583,I,15574,537
584,B,2432,538
585,R,16793,539
586,B,675,540
587,I,15497,541
588,B,2422,542
589,R,16700,543
590,B,694,544
591,I,15488,545
592,B,2464,546
593,R,16688,547
594,B,688,548
595,I,15539,549
596,B,2451,550
597,R,16688,551
598,B,659,552
599,I,15484,553
600,B,2428,554
601,R,16736,555
602,B,678,556
603,I,15526,557
604,B,2419,558
605,R,16662,559
606,B,668,560
607,I,15526,560
608,B,2464,561
609,R,16755,562
610,B,723,563
611,I,15536,564
612,B,2406,565
613,R,16640,566
614,B,697,567
615,I,15564,568
616,B,2422,569
617,R,16662,570
618,B,729,571
619,I,15596,572
620,B,2425,573
621,R,16716,574
622,B,675,575
623,I,15555,576
624,B,2464,577
625,R,16684,578
626,B,668,579
627,I,15555,580
628,B,2460,581
629,R,16681,582
630,B,726,583
631,I,15561,584
632,B,2403,585
633,R,16739,586
634,B,662,587
635,I,15545,587
636,B,2387,588
637,R,16681,589
638,B,678,590
639,I,15523,591
640,B,2348,592
641,R,16691,593
642,B,640,594
643,I,15497,595
644,B,2422,596
645,R,16787,597
646,B,614,598
647,I,15484,599
648,B,2476,600
649,R,16665,601
650,B,694,602
651,I,15523,603
652,B,2419,604
653,R,16691,605
654,B,694,606
655,I,15513,607
656,B,2396,608
657,R,16720,609
658,B,704,610
659,I,15529,611
660,B,2416,612
661,R,16700,613
662,B,672,614
663,I,15542,614
664,B,2457,615
665,R,16752,616
666,B,668,617
667,I,15516,618
668,B,2460,619
669,R,16704,620
670,B,662,621
671,I,15491,622
672,B,2476,623
673,R,16662,624
674,B,726,625
675,I,15590,626
676,B,2432,627
677,R,16704,628
678,B,694,629
679,I,15465,630
680,B,2406,631
681,R,16736,632
682,B,665,633
683,I,15507,634
684,B,2454,635
685,R,16684,636
686,B,681,637
687,I,15564,638
688,B,2460,639
689,R,16752,640
690,B,665,641
691,I,15452,641
692,B,2432,642
693,R,16608,643
694,B,691,644
695,I,15536,645
696,B,2422,646
697,R,16672,647
698,B,684,648
699,I,15516,649
700,B,2396,650
701,R,16729,651
702,B,697,652
703,I,15520,653
704,B,2403,654
705,R,16697,655
706,B,700,656
707,I,15520,657
708,B,2448,658
709,R,16662,659
710,B,726,660
711,I,15548,661
712,B,2403,662
713,R,16656,663
714,B,694,664
715,I,15507,665
716,B,2454,666
717,R,16716,667
718,B,713,668
719,I,15558,668
720,B,2444,669
721,R,16736,670
722,B,617,671
723,I,15488,672
724,B,2435,673
725,R,16745,674
726,B,688,675
727,I,15552,676
728,B,2464,677
729,R,16662,678
730,B,678,679
731,I,15564,680
732,B,2438,681
733,R,16688,682
734,B,659,683
735,I,15481,684
736,B,2400,685
737,R,16678,686
738,B,697,687
739,I,15558,688
740,B,2425,689
741,R,16745,690
742,B,656,691
743,I,15513,692
744,B,2480,693
745,R,16761,694
746,B,656,695
747,I,15516,695
748,B,2425,696
749,R,16659,697
750,B,726,698
751,I,15564,699
752,B,2425,700
753,R,16681,701
754,B,691,702
755,I,15475,703
756,B,2400,704
757,R,16678,705
758,B,649,706
759,I,15446,707
760,B,2489,708
761,R,16681,709
762,B,675,710
763,I,15475,711
764,B,2476,712
765,R,16704,713
766,B,697,714
767,I,15500,715
768,B,2428,716
769,R,16694,717
770,B,691,718
771,I,15545,719
772,B,2384,720
773,R,16668,721
774,B,697,722
775,I,15548,722
776,B,2384,723
777,R,16694,724
778,B,662,725
779,I,15408,726
780,B,2425,727
781,R,16697,728
782,B,688,729
783,I,15488,730
784,B,2467,731
785,R,16691,732
786,B,684,733
787,I,15526,734
788,B,2422,735
789,R,16700,736
790,B,672,737
791,I,15539,738
792,B,2409,739
793,R,16732,740
794,B,678,741
795,I,15564,742
796,B,2419,743
797,R,16713,744
798,B,617,745
799,I,15532,746
800,B,2403,747
801,R,16716,748
802,B,678,749
803,I,15443,749
804,B,2473,750
805,R,16614,751
806,B,678,752
807,I,15545,753
808,B,2486,754
809,R,16732,755
810,B,649,756
811,I,15449,757
812,B,2435,758
813,R,16716,759
814,B,697,760
815,I,15456,761
816,B,2409,762
817,R,16761,763
818,B,624,764
819,I,15545,765
820,B,2457,766
821,R,16755,767
822,B,691,768
823,I,15392,769
824,B,2422,770
825,R,16704,771
826,B,694,772
827,I,15491,773
828,B,2451,774
829,R,16688,775
830,B,675,776
831,I,15529,776
832,B,2416,777
833,R,16700,778
834,B,691,779
835,I,15481,780
836,B,2387,781
837,R,16710,782
838,B,675,783
839,I,15523,784
840,B,2457,785
841,R,16652,786
842,B,700,787
843,I,15494,788
844,B,2432,789
845,R,16707,790
846,B,694,791
847,I,15401,792
848,B,2403,793
849,R,16627,794
850,B,739,795
851,I,15500,796
852,B,2412,797
853,R,16627,798
854,B,659,799
855,I,15552,800
856,B,2432,801
857,R,16697,802
858,B,752,803
859,I,15376,803
860,B,2464,804
861,R,16739,805
862,B,652,806
863,I,15510,807
864,B,2438,808
865,R,16675,809
866,B,675,810
867,I,15497,811
868,B,2364,812
869,R,16697,813
870,B,678,814
871,I,15526,815
872,B,2396,816
873,R,16716,817
874,B,652,818
875,I,15516,819
876,B,2451,820
877,R,16675,821
878,B,604,822
879,I,15545,823
880,B,2457,824
881,R,16704,825
882,B,681,826
883,I,15532,827
884,B,2467,828
885,R,16739,829
886,B,646,830
887,I,15577,830
888,B,2419,831
889,R,16691,832
890,B,675,833
891,I,15481,834
892,B,2412,835
893,R,16736,836
894,B,649,837
895,I,15497,838
896,B,2428,839
897,R,16726,840
898,B,672,841
899,I,15440,842
900,B,2464,843
901,R,16720,844
902,B,678,845
903,I,15452,846
904,B,2486,847
905,R,16694,848
906,B,672,849
907,I,15536,850
908,B,2416,851
909,R,16707,852
910,B,652,853
911,I,15529,854
912,B,2422,855
913,R,16716,856
914,B,678,857
915,I,15494,857
916,B,2441,858
917,R,16691,859
918,B,720,860
919,I,15481,861
920,B,2416,862
921,R,16659,863
922,B,700,864
923,I,15484,865
924,B,2444,866
925,R,16662,867
926,B,732,868
927,I,15520,869
928,B,2412,870
929,R,16656,871
930,B,710,872
931,I,15504,873
932,B,2384,874
933,R,16729,875
934,B,662,876
935,I,15443,877
936,B,2406,878
937,R,16697,879
938,B,636,880
939,I,15529,881
940,B,2393,882
941,R,16684,883
942,B,691,884
943,I,15520,884
944,B,2400,885
945,R,16684,886
946,B,662,887
947,I,15427,888
948,B,2406,889
949,R,16678,890
950,B,656,891
951,I,15516,892
952,B,2432,893
953,R,16745,894
954,B,649,895
955,I,15532,896
956,B,2451,897
957,R,16755,898
958,B,620,899
959,I,15513,900
960,B,2470,901
961,R,16659,902
962,B,672,903
963,I,15548,904
964,B,2432,905
965,R,16704,906
966,B,662,907
967,I,15500,908
968,B,2406,909
969,R,16691,910
970,B,688,911
971,I,15475,911
972,B,2451,912
973,R,16675,913
974,B,681,914
975,I,15500,915
976,B,2438,916
977,R,16720,917
978,B,704,918
979,I,15475,919
980,B,2422,920
981,R,16742,921
982,B,729,922
983,I,15468,923
984,B,2416,924
985,R,16624,925
986,B,720,926
987,I,15491,927
988,B,2374,928
989,R,16684,929
990,B,691,930
991,I,15491,931
992,B,2422,932
993,R,16700,933
994,B,707,934
995,I,15564,935
996,B,2444,936
997,R,16665,937
998,B,665,938
999,I,15510,938
1000,B,2464,939
1001,R,16665,940
1002,B,643,941
1003,I,15478,942
1004,B,2438,943
1005,R,16620,944
1006,B,662,945
1007,I,15532,946
1008,B,2428,947
1009,R,16675,948
1010,B,649,949
1011,I,15497,950
1012,B,2400,951
1013,R,16726,952
1014,B,691,953
1015,I,15411,954
1016,B,2406,955
1017,R,16697,956
1018,B,672,957
1019,I,15484,958
1020,B,2483,959
1021,R,16700,960
1022,B,713,961
1023,I,15433,962
1024,B,2409,963
1025,R,16764,964
1026,B,640,965
1027,I,15523,965
1028,B,2416,966
1029,R,16704,967
1030,B,659,968
1031,I,15491,969
1032,B,2435,970
1033,R,16700,971
1034,B,659,972
1035,I,15446,973
1036,B,2419,974
1037,R,16707,975
1038,B,723,976
1039,I,15500,977
1040,B,2432,978
1041,R,16649,979
1042,B,704,980
1043,I,15484,981
1044,B,2460,982
1045,R,16675,983
1046,B,691,984
1047,I,15488,985
1048,B,2403,986
1049,R,16729,987
1050,B,633,988
1051,I,15561,989
1052,B,2444,990
1053,R,16726,991
1054,B,681,992
1055,I,15430,992
1056,B,2470,993
1057,R,16704,994
1058,B,726,995
1059,I,15420,996
1060,B,2435,997
1061,R,16700,998
1062,B,755,999
1063,I,15504,1000
1064,B,2393,1001
1065,R,16864,1002
1066,B,691,1003
1067,I,15564,1004
1068,B,2425,1005
1069,R,16844,1006
1070,B,662,1008
1071,I,15568,1009
1072,B,2393,1010
1073,R,16870,1011
1074,B,665,1012
1075,I,15523,1013
1076,B,2368,1014
1077,R,16848,1015
1078,B,630,1016
1079,I,15411,1017
1080,B,2387,1018
1081,R,16844,1019
1082,B,659,1020
1083,I,15449,1021
1084,B,2448,1022
1085,R,16864,1023
1086,B,668,1024
1087,I,15424,1025
1088,B,2393,1026
1089,R,16838,1027
1090,B,675,1029
1091,I,15504,1030
1092,B,2403,1031
1093,R,16854,1032
1094,B,640,1033
1095,I,15497,1034
1096,B,2416,1035
1097,R,16876,1036
1098,B,704,1037
1099,I,15507,1038
1100,B,2467,1039
1101,R,16867,1040
1102,B,624,1041
1103,I,15472,1042
1104,B,2435,1043
1105,R,16873,1044
1106,B,691,1045
1107,I,15545,1046
1108,B,2393,1047
1109,R,16838,1048
1110,B,652,1050
1111,I,15536,1051
1112,B,2432,1052
1113,R,16915,1053
1114,B,694,1054
1115,I,15475,1055
1116,B,2444,1056
1117,R,16883,1057
1118,B,688,1058
1119,I,15424,1059
1120,B,2416,1060
1121,R,16908,1061
1122,B,681,1062
1123,I,15472,1063
1124,B,2400,1064
1125,R,16841,1065
1126,B,720,1066
1127,I,15520,1067
1128,B,2390,1068
1129,R,16953,1069
1130,B,691,1071
1131,I,15513,1072
1132,B,2448,1073
1133,R,16864,1074
1134,B,697,1075
1135,I,15523,1076
1136,B,2403,1077
1137,R,16857,1078
1138,B,678,1079
1139,I,15513,1080
1140,B,2432,1081
1141,R,16905,1082
1142,B,668,1083
1143,I,15532,1084
1144,B,2352,1085
1145,R,16876,1086
1146,B,710,1087
1147,I,15465,1088
1148,B,2406,1089
1149,R,16838,1090
1150,B,636,1092
1151,I,15571,1093
1152,B,2336,1094
1153,R,16854,1095
1154,B,691,1096
1155,I,15459,1097
1156,B,2393,1098
1157,R,16819,1099
1158,B,659,1100
1159,I,15420,1101
1160,B,2393,1102
1161,R,16896,1103
1162,B,697,1104
1163,I,15414,1105
1164,B,2422,1106
1165,R,16844,1107
1166,B,620,1108
1167,I,15308,1109
1168,B,2428,1110
1169,R,16867,1111
1170,B,620,1113
1171,I,15478,1114
1172,B,2438,1115
1173,R,16787,1116
1174,B,672,1117
1175,I,15468,1118
1176,B,2438,1119
1177,R,16873,1120
1178,B,652,1121
1179,I,15456,1122
1180,B,2422,1123
1181,R,16835,1124
1182,B,713,1125
1183,I,15475,1126
1184,B,2396,1127
1185,R,16902,1128
1186,B,652,1129
1187,I,15513,1130
1188,B,2412,1131
1189,R,16854,1132
1190,B,678,1134
1191,I,15494,1135
1192,B,2396,1136
1193,R,16857,1137
1194,B,694,1138
1195,I,15529,1139
1196,B,2438,1140
1197,R,16854,1141
1198,B,665,1142
1199,I,15420,1143
1200,B,2435,1144
1201,R,16867,1145
1202,B,694,1146
1203,I,15478,1147
1204,B,2444,1148
1205,R,16867,1149
1206,B,656,1150
1207,I,15500,1151
1208,B,2444,1152
1209,R,16876,1153
1210,B,726,1155
1211,I,15443,1156
1212,B,2441,1157
1213,R,16870,1158
1214,B,688,1159
1215,I,15529,1160
1216,B,2428,1161
1217,R,16857,1162
1218,B,723,1163
1219,I,15558,1164
1220,B,2355,1165
1221,R,16860,1166
1222,B,713,1167
1223,I,15513,1168
1224,B,2400,1169
1225,R,16848,1170
1226,B,688,1171
1227,I,15571,1172
1228,B,2403,1173
1229,R,16793,1174
1230,B,678,1176
1231,I,15529,1177
1232,B,2409,1178
1233,R,16864,1179
1234,B,643,1180
1235,I,15539,1181
1236,B,2377,1182
1237,R,16803,1183
1238,B,652,1184
1239,I,15462,1185
1240,B,2441,1186
1241,R,16841,1187
1242,B,652,1188
1243,I,15408,1189
1244,B,2451,1190
1245,R,16828,1191
1246,B,691,1192
1247,I,15360,1193
1248,B,2473,1194
1249,R,16854,1195
1250,B,662,1197
1251,I,15459,1198
1252,B,2432,1199
1253,R,16902,1200
1254,B,681,1201
1255,I,15436,1202
1256,B,2451,1203
1257,R,16886,1204
1258,B,675,1205
1259,I,15356,1206
1260,B,2467,1207
1261,R,16880,1208
1262,B,691,1209
1263,I,15536,1210
1264,B,2435,1211
1265,R,16851,1212
1266,B,691,1213
1267,I,15481,1214
1268,B,2454,1215
1269,R,16873,1216
1270,B,672,1218
1271,I,15520,1219
1272,B,2480,1220
1273,R,16860,1221
1274,B,662,1222
1275,I,15494,1223
1276,B,2384,1224
1277,R,16892,1225
1278,B,659,1226
1279,I,15337,1227
1280,B,2467,1228
1281,R,16864,1229
1282,B,678,1230
1283,I,15440,1231
1284,B,2412,1232
1285,R,16822,1233
1286,B,697,1234
1287,I,15452,1235
1288,B,2441,1236
1289,R,16889,1237
1290,B,659,1239
1291,I,15436,1240
1292,B,2441,1241
1293,R,16857,1242
1294,B,700,1243
1295,I,15523,1244
1296,B,2416,1245
1297,R,16876,1246
1298,B,694,1247
1299,I,15516,1248
1300,B,2361,1249
1301,R,16876,1250
1302,B,736,1251
1303,I,15539,1252
1304,B,2435,1253
1305,R,16822,1254
1306,B,652,1255
1307,I,15526,1256
1308,B,2364,1257
1309,R,16844,1258
1310,B,694,1260
1311,I,15504,1261
1312,B,2371,1262
1313,R,16816,1263
1314,B,678,1264
1315,I,15516,1265
1316,B,2396,1266
1317,R,16848,1267
1318,B,662,1268
1319,I,15475,1269
1320,B,2432,1270
1321,R,16780,1271
1322,B,636,1272
1323,I,15382,1273
1324,B,2441,1274
1325,R,16835,1275
1326,B,620,1276
1327,I,15446,1277
1328,B,2444,1278
1329,R,16848,1279
1330,B,640,1281
1331,I,15532,1282
1332,B,2419,1283
1333,R,16876,1284
1334,B,656,1285
1335,I,15478,1286
1336,B,2428,1287
1337,R,16870,1288
1338,B,652,1289
1339,I,15433,1290
1340,B,2432,1291
1341,R,16905,1292
1342,B,691,1293
1343,I,15491,1294
1344,B,2499,1295
1345,R,16876,1296
1346,B,659,1297
1347,I,15494,1298
1348,B,2422,1299
1349,R,16857,1300
1350,B,633,1302
1351,I,15548,1303
1352,B,2483,1304
1353,R,16851,1305
1354,B,627,1306
1355,I,15420,1307
1356,B,2406,1308
1357,R,16870,1309
1358,B,700,1310
1359,I,15324,1311
1360,B,2476,1312
1361,R,16851,1313
1362,B,665,1314
1363,I,15382,1315
1364,B,2409,1316
1365,R,16896,1317
1366,B,675,1318
1367,I,15436,1319
1368,B,2406,1320
1369,R,16876,1321
1370,B,646,1323
1371,I,15331,1324
1372,B,2454,1325
1373,R,16867,1326
1374,B,681,1327
1375,I,15532,1328
1376,B,2432,1329
1377,R,16838,1330
1378,B,662,1331
1379,I,15446,1332
1380,B,2377,1333
1381,R,16864,1334
1382,B,684,1335
1383,I,15555,1336
1384,B,2409,1337
1385,R,16825,1338
1386,B,681,1339
1387,I,15488,1340
1388,B,2368,1341
1389,R,16806,1342
1390,B,636,1344
1391,I,15417,1345
1392,B,2368,1346
1393,R,16828,1347
1394,B,681,1348
1395,I,15462,1349
1396,B,2390,1350
1397,R,16800,1351
1398,B,675,1352
1399,I,15347,1353
1400,B,2435,1354
1401,R,16841,1355
1402,B,665,1356
1403,I,15344,1357
1404,B,2390,1358
1405,R,16844,1359
1406,B,627,1360
1407,I,15430,1361
1408,B,2406,1362
1409,R,16835,1363
1410,B,624,1365
1411,I,15516,1366
1412,B,2412,1367
1413,R,16876,1368
1414,B,659,1369
1415,I,15472,1370
1416,B,2457,1371
1417,R,16848,1372
1418,B,665,1373
1419,I,15411,1374
1420,B,2476,1375
1421,R,16860,1376
1422,B,672,1377
1423,I,15484,1378
1424,B,2419,1379
1425,R,16857,1380
1426,B,649,1381
1427,I,15443,1382
1428,B,2432,1383
1429,R,16896,1384
1430,B,662,1386
1431,I,15561,1387
1432,B,2425,1388
1433,R,16832,1389
1434,B,704,1390
1435,I,15382,1391
1436,B,2390,1392
1437,R,16896,1393
1438,B,694,1394
1439,I,15411,1395
1440,B,2432,1396
1441,R,16867,1397
1442,B,675,1398
1443,I,15404,1399
1444,B,2454,1400
1445,R,16928,1401
1446,B,720,1402
1447,I,15398,1403
1448,B,2441,1404
1449,R,16857,1405
1450,B,656,1407
1451,I,15360,1408
1452,B,2412,1409
1453,R,16864,1410
1454,B,694,1411
1455,I,15504,1412
1456,B,2396,1413
1457,R,16857,1414
1458,B,656,1415
1459,I,15452,1416
1460,B,2323,1417
1461,R,16854,1418
1462,B,672,1419
1463,I,15500,1420
1464,B,2409,1421
1465,R,16838,1422
1466,B,678,1423
1467,I,15430,1424
1468,B,2384,1425
1469,R,16857,1426
1470,B,668,1428
1471,I,15408,1429
1472,B,2396,1430
1473,R,16816,1431
1474,B,656,1432
1475,I,15443,1433
1476,B,2380,1434
1477,R,16864,1435
1478,B,662,1436
1479,I,15328,1437
1480,B,2432,1438
1481,R,16800,1439
1482,B,659,1440
1483,I,15244,1441
1484,B,2454,1442
1485,R,16867,1443
1486,B,614,1444
1487,I,15404,1445
1488,B,2444,1446
1489,R,16835,1447
1490,B,659,1449
1491,I,15430,1450
1492,B,2438,1451
1493,R,16841,1452
1494,B,684,1453
1495,I,15440,1454
1496,B,2435,1455
1497,R,16803,1456
1498,B,675,1457
1499,I,15468,1458
1500,B,2425,1459
1501,R,16876,1460
1502,B,688,1461
1503,I,15488,1462
1504,B,2422,1463
1505,R,16844,1464
1506,B,675,1465
1507,I,15420,1466
1508,B,2432,1467
1509,R,16838,1468
1510,B,678,1470
1511,I,15452,1471
1512,B,2425,1472
1513,R,16886,1473
1514,B,652,1474
1515,I,15363,1475
1516,B,2412,1476
1517,R,16844,1477
1518,B,694,1478
1519,I,15424,1479
1520,B,2454,1480
1521,R,16844,1481
1522,B,672,1482
1523,I,15420,1483
1524,B,2441,1484
1525,R,16848,1485
1526,B,742,1486
1527,I,15350,1487
1528,B,2419,1488
1529,R,16841,1489
1530,B,716,1491
1531,I,15468,1492
1532,B,2422,1493
1533,R,16883,1494
1534,B,745,1495
1535,I,15478,1496
1536,B,2358,1497
1537,R,16889,1498
1538,B,720,1499
1539,I,15462,1500
1540,B,2355,1501
1541,R,16854,1502
1542,B,713,1503
1543,I,15507,1504
1544,B,2412,1505
1545,R,16828,1506
1546,B,652,1507
1547,I,15443,1508
1548,B,2425,1509
1549,R,16828,1510
1550,B,668,1512
1551,I,15507,1513
1552,B,2412,1514
1553,R,16777,1515
1554,B,684,1516
1555,I,15433,1517
1556,B,2406,1518
1557,R,16854,1519
1558,B,636,1520
1559,I,15340,1521
1560,B,2387,1522
1561,R,16774,1523
1562,B,656,1524
1563,I,15302,1525
1564,B,2464,1526
1565,R,16854,1527
1566,B,630,1528
1567,I,15385,1529
1568,B,2435,1530
1569,R,16864,1531
1570,B,672,1533
1571,I,15424,1534
1572,B,2419,1535
1573,R,16828,1536
1574,B,636,1537
1575,I,15459,1538
1576,B,2473,1539
1577,R,16838,1540
1578,B,627,1541
1579,I,15449,1542
1580,B,2441,1543
1581,R,16860,1544
1582,B,691,1545
1583,I,15417,1546
1584,B,2438,1547
1585,R,16841,1548
1586,B,649,1549
1587,I,15414,1550
1588,B,2425,1551
1589,R,16841,1552
1590,B,633,1554
1591,I,15424,1555
1592,B,2467,1556
1593,R,16873,1557
1594,B,668,1558
1595,I,15331,1559
1596,B,2435,1560
1597,R,16905,1561
1598,B,678,1562
1599,I,15395,1563
1600,B,2441,1564
1601,R,16851,1565
1602,B,694,1566
1603,I,15292,1567
1604,B,2483,1568
1605,R,16883,1569
1606,B,678,1570
1607,I,15379,1571
1608,B,2438,1572
1609,R,16838,1573
1610,B,672,1575
1611,I,15488,1576
1612,B,2432,1577
1613,R,16902,1578
1614,B,675,1579
1615,I,15507,1580
1616,B,2406,1581
1617,R,16851,1582
1618,B,764,1583
1619,I,15497,1584
1620,B,2416,1585
1621,R,16854,1586
1622,B,684,1587
1623,I,15548,1588
1624,B,2412,1589
1625,R,16844,1590
1626,B,681,1591
1627,I,15465,1592
1628,B,2422,1593
1629,R,16876,1594
1630,B,707,1596
1631,I,15520,1597
1632,B,2416,1598
1633,R,16819,1599
1634,B,678,1600
1635,I,15411,1601
1636,B,2454,1602
1637,R,16857,1603
1638,B,652,1604
1639,I,15408,1605
1640,B,2412,1606
1641,R,16857,1607
1642,B,624,1608
1643,I,15424,1609
1644,B,2432,1610
1645,R,16873,1611
1646,B,640,1612
1647,I,15411,1613
1648,B,2400,1614
1649,R,16854,1615
1650,B,640,1617
1651,I,15532,1618
1652,B,2387,1619
1653,R,16864,1620
1654,B,662,1621
1655,I,15446,1622
1656,B,2412,1623
1657,R,16848,1624
1658,B,668,1625
1659,I,15472,1626
1660,B,2422,1627
1661,R,16844,1628
1662,B,656,1629
1663,I,15449,1630
1664,B,2438,1631
1665,R,16857,1632
1666,B,656,1633
1667,I,15369,1634
1668,B,2483,1635
1669,R,16876,1636
1670,B,595,1638
1671,I,15436,1639
1672,B,2406,1640
1673,R,16832,1641
1674,B,662,1642
1675,I,15417,1643
1676,B,2515,1644
1677,R,16883,1645
1678,B,640,1646
1679,I,15328,1647
1680,B,2409,1648
1681,R,16880,1649
1682,B,684,1650
1683,I,15363,1651
1684,B,2448,1652
1685,R,16902,1653
1686,B,675,1654
1687,I,15372,1655
1688,B,2409,1656
1689,R,16892,1657
1690,B,678,1659
1691,I,15443,1660
1692,B,2448,1661
1693,R,16835,1662
1694,B,684,1663
1695,I,15491,1664
1696,B,2403,1665
1697,R,16844,1666
1698,B,704,1667
1699,I,15488,1668
1700,B,2364,1669
1701,R,16835,1670
1702,B,656,1671
1703,I,15510,1672
1704,B,2422,1673
1705,R,16835,1674
1706,B,668,1675
1707,I,15411,1676
1708,B,2384,1677
1709,R,16812,1678
1710,B,726,1680
1711,I,15561,1681
1712,B,2384,1682
1713,R,16870,1683
1714,B,668,1684
1715,I,15388,1685
1716,B,2387,1686
1717,R,16787,1687
1718,B,684,1688
1719,I,15443,1689
1720,B,2355,1690
1721,R,16838,1691
1722,B,672,1692
1723,I,15459,1693
1724,B,2416,1694
1725,R,16838,1695
1726,B,659,1696
1727,I,15446,1697
1728,B,2371,1698
1729,R,16812,1699
1730,B,694,1701
1731,I,15568,1702
1732,B,2403,1703
1733,R,16835,1704
1734,B,640,1705
1735,I,15510,1706
1736,B,2396,1707
1737,R,16841,1708
1738,B,678,1709
1739,I,15475,1710
1740,B,2409,1711
1741,R,16806,1712
1742,B,598,1713
1743,I,15472,1714
1744,B,2432,1715
1745,R,16803,1716
1746,B,640,1717
1747,I,15369,1718
1748,B,2412,1719
1749,R,16854,1720
1750,B,672,1722
1751,I,15449,1723
1752,B,2406,1724
1753,R,16915,1725
1754,B,643,1726
1755,I,15414,1727
1756,B,2416,1728
1757,R,16832,1729
1758,B,688,1730
1759,I,15353,1731
1760,B,2473,1732
1761,R,16876,1733
1762,B,716,1734
1763,I,15462,1735
1764,B,2496,1736
1765,R,16860,1737
1766,B,700,1738
1767,I,15424,1739
1768,B,2425,1740
1769,R,16899,1741
1770,B,672,1743
1771,I,15472,1744
1772,B,2422,1745
1773,R,16844,1746
1774,B,678,1747
1775,I,15459,1748
1776,B,2412,1749
1777,R,16876,1750
1778,B,723,1751
1779,I,15504,1752
1780,B,2467,1753
1781,R,16876,1754
1782,B,716,1755
1783,I,15446,1756
1784,B,2409,1757
1785,R,16841,1758
1786,B,755,1759
1787,I,15440,1760
1788,B,2448,1761
1789,R,16864,1762
1790,B,678,1764
1791,I,15497,1765
1792,B,2406,1766
1793,R,16838,1767
1794,B,700,1768
1795,I,15385,1769
1796,B,2384,1770
1797,R,16857,1771
1798,B,694,1772
1799,I,15462,1773
1800,B,2416,1774
1801,R,16803,1775
1802,B,697,1776
1803,I,15452,1777
1804,B,2416,1778
1805,R,16816,1779
1806,B,675,1780
1807,I,15494,1781
1808,B,2409,1782
1809,R,16806,1783
1810,B,665,1785
1811,I,15552,1786
1812,B,2403,1787
1813,R,16806,1788
1814,B,640,1789
1815,I,15507,1790
1816,B,2444,1791
1817,R,16835,1792
1818,B,665,1793
1819,I,15446,1794
1820,B,2416,1795
1821,R,16777,1796
1822,B,662,1797
1823,I,15497,1798
1824,B,2432,1799
1825,R,16854,1800
1826,B,662,1801
1827,I,15433,1802
1828,B,2412,1803
1829,R,16832,1804
1830,B,672,1806
1831,I,15520,1807
1832,B,2419,1808
1833,R,16848,1809
1834,B,665,1810
1835,I,15459,1811
1836,B,2435,1812
1837,R,16851,1813
1838,B,652,1814
1839,I,15472,1815
1840,B,2419,1816
1841,R,16832,1817
1842,B,710,1818
1843,I,15478,1819
1844,B,2496,1820
1845,R,16864,1821
1846,B,636,1822
1847,I,15475,1823
1848,B,2422,1824
1849,R,16851,1825
1850,B,665,1827
1851,I,15564,1828
1852,B,2473,1829
1853,R,16832,1830
1854,B,684,1831
1855,I,15500,1832
1856,B,2422,1833
1857,R,16835,1834
1858,B,764,1835
1859,I,15497,1836
1860,B,2502,1837
1861,R,16899,1838
1862,B,665,1839
1863,I,15427,1840
1864,B,2428,1841
1865,R,16854,1842
1866,B,697,1843
1867,I,15555,1844
1868,B,2403,1845
1869,R,16870,1846
1870,B,659,1848
1871,I,15510,1849
1872,B,2425,1850
1873,R,16848,1851
1874,B,700,1852
1875,I,15446,1853
1876,B,2454,1854
1877,R,16806,1855
1878,B,700,1856
1879,I,15356,1857
1880,B,2403,1858
1881,R,16838,1859
1882,B,675,1860
1883,I,15475,1861
1884,B,2400,1862
1885,R,16841,1863
1886,B,643,1864
1887,I,15478,1865
1888,B,2400,1866
1889,R,16825,1867
1890,B,649,1869
1891,I,15542,1870
1892,B,2435,1871
1893,R,16809,1872
1894,B,640,1873
1895,I,15475,1874
1896,B,2387,1875
1897,R,16828,1876
1898,B,691,1877
1899,I,15465,1878
1900,B,2419,1879
1901,R,16819,1880
1902,B,652,1881
1903,I,15459,1882
1904,B,2393,1883
1905,R,16812,1884
1906,B,697,1885
1907,I,15347,1886
1908,B,2409,1887
1909,R,16835,1888
1910,B,649,1890
1911,I,15510,1891
1912,B,2384,1892
1913,R,16841,1893
1914,B,659,1894
1915,I,15401,1895
1916,B,2483,1896
1917,R,16809,1897
1918,B,636,1898
1919,I,15395,1899
1920,B,2457,1900
1921,R,16854,1901
1922,B,656,1902
1923,I,15507,1903
1924,B,2432,1904
1925,R,16857,1905
1926,B,598,1906
1927,I,15414,1907
1928,B,2400,1908
1929,R,16902,1909
1930,B,732,1911
1931,I,15580,1912
1932,B,2454,1913
1933,R,16844,1914
1934,B,672,1915
1935,I,15500,1916
1936,B,2428,1917
1937,R,16889,1918
1938,B,707,1919
1939,I,15497,1920
1940,B,2406,1921
1941,R,16812,1922
1942,B,697,1923
1943,I,15465,1924
1944,B,2387,1925
1945,R,16905,1926
1946,B,694,1927
1947,I,15475,1928
1948,B,2403,1929
1949,R,16844,1930
1950,B,662,1932
1951,I,15516,1933
1952,B,2428,1934
1953,R,16854,1935
1954,B,678,1936
1955,I,15491,1937
1956,B,2432,1938
1957,R,16832,1939
1958,B,649,1940
1959,I,15430,1941
1960,B,2352,1942
1961,R,16812,1943
1962,B,707,1944
1963,I,15488,1945
1964,B,2419,1946
1965,R,16803,1947
1966,B,688,1948
1967,I,15475,1949
1968,B,2377,1950
1969,R,16819,1951
1970,B,704,1953
1971,I,15548,1954
1972,B,2428,1955
1973,R,16816,1956
1974,B,627,1957
1975,I,15468,1958
1976,B,2374,1959
1977,R,16806,1960
1978,B,662,1961
1979,I,15500,1962
1980,B,2412,1963
1981,R,16816,1964
1982,B,656,1965
1983,I,15433,1966
1984,B,2473,1967
1985,R,16838,1968
1986,B,668,1969
1987,I,15411,1970
1988,B,2451,1971
1989,R,16793,1972
1990,B,691,1974
1991,I,15491,1975
1992,B,2390,1976
1993,R,16835,1977
1994,B,662,1978
1995,I,15382,1979
1996,B,2448,1980
1997,R,16806,1981
1998,B,678,1982
1999,I,15395,1983
2000,B,2441,1984
2001,R,16864,1985
2002,B,652,1986
2003,I,15468,1987
2004,B,2444,1988
2005,R,16816,1989
2006,B,652,1990
2007,I,15411,1991
2008,B,2460,1992
2009,R,16841,1993
2010,B,659,1995
2011,I,15571,1996
2012,B,2444,1997
2013,R,16832,1998
2014,B,633,1999
2015,I,15452,2000
2016,B,2432,2001
2017,R,16828,2002
2018,B,691,2003
2019,I,15440,2004
2020,B,2448,2005
2021,R,16844,2006
2022,B,710,2007
2023,I,15456,2008
2024,B,2448,2009
2025,R,16825,2010
2026,B,700,2011
2027,I,15488,2012
2028,B,2403,2013
2029,R,16812,2014
2030,B,704,2016
2031,I,15529,2017
2032,B,2428,2018
2033,R,16809,2019
2034,B,716,2020
2035,I,15497,2021
2036,B,2444,2022
2037,R,16822,2023
2038,B,700,2024
2039,I,15420,2025
2040,B,2403,2026
2041,R,16809,2027
2042,B,739,2028
2043,I,15510,2029
2044,B,2438,2030
2045,R,16784,2031
2046,B,662,2032
2047,I,15520,2033
2048,B,2400,2034
2049,R,16822,2035
2050,B,649,2037
2051,I,15539,2038
2052,B,2412,2039
2053,R,16809,2040
2054,B,710,2041
2055,I,15478,2042
2056,B,2412,2043
2057,R,16828,2044
2058,B,665,2045
2059,I,15548,2046
2060,B,2390,2047
2061,R,16764,2048
2062,B,652,2049
2063,I,15430,2050
2064,B,2435,2051
2065,R,16832,2052
2066,B,668,2053
2067,I,15443,2054
2068,B,2496,2055
2069,R,16835,2056
2070,B,640,2058
2071,I,15484,2059
2072,B,2416,2060
2073,R,16844,2061
2074,B,633,2062
2075,I,15443,2063
2076,B,2444,2064
2077,R,16812,2065
2078,B,627,2066
2079,I,15478,2067
2080,B,2476,2068
2081,R,16828,2069
2082,B,675,2070
2083,I,15452,2071
2084,B,2422,2072
2085,R,16889,2073
2086,B,659,2074
2087,I,15427,2075
2088,B,2460,2076
2089,R,16835,2077
2090,B,649,2079
2091,I,15539,2080
2092,B,2473,2081
2093,R,16835,2082
2094,B,656,2083
2095,I,15481,2084
2096,B,2444,2085
2097,R,16860,2086
2098,B,675,2087
2099,I,15446,2088
2100,B,2496,2089
2101,R,16828,2090
2102,B,704,2091
2103,I,15392,2092
2104,B,2480,2093
2105,R,16860,2094
2106,B,678,2095
2107,I,15363,2096
2108,B,2371,2097
2109,R,16803,2098
2110,B,700,2100
2111,I,15497,2101
2112,B,2406,2102
2113,R,16860,2103
2114,B,700,2104
2115,I,15484,2105
2116,B,2419,2106
2117,R,16816,2107
2118,B,704,2108
2119,I,15440,2109
2120,B,2416,2110
2121,R,16838,2111
2122,B,675,2112
2123,I,15516,2113
2124,B,2454,2114
2125,R,16844,2115
2126,B,659,2116
2127,I,15513,2117
2128,B,2422,2118
2129,R,16816,2119
2130,B,681,2121
2131,I,15545,2122
2132,B,2377,2123
2133,R,16806,2124
2134,B,668,2125
2135,I,15478,2126
2136,B,2396,2127
2137,R,16748,2128
2138,B,652,2129
2139,I,15481,2130
2140,B,2400,2131
2141,R,16809,2132
2142,B,668,2133
2143,I,15388,2134
2144,B,2428,2135
2145,R,16825,2136
2146,B,665,2137
2147,I,15430,2138
2148,B,2400,2139
2149,R,16835,2140
2150,B,662,2142
2151,I,15497,2143
2152,B,2448,2144
2153,R,16800,2145
2154,B,617,2146
2155,I,15411,2147
2156,B,2422,2148
2157,R,16844,2149
2158,B,684,2150
2159,I,15500,2151
2160,B,2499,2152
2161,R,16860,2153
2162,B,668,2154
2163,I,15459,2155
2164,B,2412,2156
2165,R,16854,2157
2166,B,684,2158
2167,I,15465,2159
2168,B,2451,2160
2169,R,16828,2161
2170,B,665,2163
2171,I,15548,2164
2172,B,2396,2165
2173,R,16848,2166
2174,B,716,2167
2175,I,15462,2168
2176,B,2457,2169
2177,R,16844,2170
2178,B,713,2171
2179,I,15481,2172
2180,B,2406,2173
2181,R,16828,2174
2182,B,675,2175
2183,I,15433,2176
2184,B,2377,2177
2185,R,16844,2178
2186,B,652,2179
2187,I,15356,2180
2188,B,2419,2181
2189,R,16857,2182
2190,B,697,2184
2191,I,15507,2185
2192,B,2428,2186
2193,R,16835,2187
2194,B,656,2188
2195,I,15328,2189
2196,B,2390,2190
2197,R,16828,2191
2198,B,675,2192
2199,I,15526,2193
2200,B,2422,2194
2201,R,16806,2195
2202,B,665,2196
2203,I,15478,2197
2204,B,2419,2198
2205,R,16806,2199
2206,B,652,2200
2207,I,15488,2201
2208,B,2416,2202
2209,R,16803,2203
2210,B,659,2205
2211,I,15513,2206
2212,B,2400,2207
2213,R,16793,2208
2214,B,646,2209
2215,I,15408,2210
2216,B,2384,2211
2217,R,16812,2212
2218,B,636,2213
2219,I,15404,2214
2220,B,2400,2215
2221,R,16841,2216
2222,B,681,2217
2223,I,15398,2218
2224,B,2486,2219
2225,R,16809,2220
2226,B,620,2221
2227,I,15404,2222
2228,B,2422,2223
2229,R,16832,2224
2230,B,665,2226
2231,I,15446,2227
2232,B,2454,2228
2233,R,16816,2229
2234,B,659,2230
2235,I,15446,2231
2236,B,2499,2232
2237,R,16848,2233
2238,B,662,2234
2239,I,15475,2235
2240,B,2438,2236
2241,R,16828,2237
2242,B,643,2238
2243,I,15433,2239
2244,B,2448,2240
2245,R,16876,2241
2246,B,697,2242
2247,I,15472,2243
2248,B,2409,2244
2249,R,16816,2245
2250,B,704,2247
2251,I,15539,2248
2252,B,2384,2249
2253,R,16886,2250
2254,B,716,2251
2255,I,15465,2252
2256,B,2438,2253
2257,R,16844,2254
2258,B,691,2255
2259,I,15513,2256
2260,B,2396,2257
2261,R,16876,2258
2262,B,659,2259
2263,I,15388,2260
2264,B,2419,2261
2265,R,16816,2262
2266,B,700,2263
2267,I,15481,2264
2268,B,2412,2265
2269,R,16848,2266
2270,B,646,2268
2271,I,15539,2269
2272,B,2400,2270
2273,R,16838,2271
2274,B,643,2272
2275,I,15382,2273
2276,B,2409,2274
2277,R,16816,2275
2278,B,697,2276
2279,I,15513,2277
2280,B,2428,2278
2281,R,16803,2279
2282,B,633,2280
2283,I,15488,2281
2284,B,2348,2282
2285,R,16822,2283
2286,B,649,2284
2287,I,15510,2285
2288,B,2384,2286
2289,R,16806,2287
2290,B,684,2289
2291,I,15558,2290
2292,B,2406,2291
2293,R,16803,2292
2294,B,652,2293
2295,I,15430,2294
2296,B,2416,2295
2297,R,16790,2296
2298,B,681,2297
2299,I,15430,2298
2300,B,2492,2299
2301,R,16838,2300
2302,B,656,2301
2303,I,15372,2302
2304,B,2428,2303
2305,R,16828,2304
2306,B,672,2305
2307,I,15276,2306
2308,B,2448,2307
2309,R,16880,2308
2310,B,662,2310
2311,I,15475,2311
2312,B,2432,2312
2313,R,16825,2313
2314,B,668,2314
2315,I,15411,2315
2316,B,2448,2316
2317,R,16883,2317
2318,B,678,2318
2319,I,15433,2319
2320,B,2444,2320
2321,R,16832,2321
2322,B,684,2322
2323,I,15388,2323
2324,B,2454,2324
2325,R,16825,2325
2326,B,700,2326
2327,I,15468,2327
2328,B,2393,2328
2329,R,16835,2329
2330,B,675,2331
2331,I,15619,2332
2332,B,2425,2333
2333,R,16806,2334
2334,B,684,2335
2335,I,15484,2336
2336,B,2419,2337
2337,R,16822,2338
2338,B,700,2339
2339,I,15440,2340
2340,B,2380,2341
2341,R,16812,2342
2342,B,672,2343
2343,I,15337,2344
2344,B,2400,2345
2345,R,16800,2346
2346,B,684,2347
2347,I,15468,2348
2348,B,2412,2349
2349,R,16857,2350
2350,B,672,2352
2351,I,15481,2353
2352,B,2390,2354
2353,R,16828,2355
2354,B,665,2356
2355,I,15475,2357
2356,B,2425,2358
2357,R,16825,2359
2358,B,636,2360
2359,I,15520,2361
2360,B,2403,2362
2361,R,16793,2363
2362,B,668,2364
2363,I,15481,2365
2364,B,2432,2366
2365,R,16784,2367
2366,B,678,2368
2367,I,15494,2369
2368,B,2358,2370
2369,R,16796,2371
2370,B,665,2373
2371,I,15552,2374
2372,B,2412,2375
2373,R,16793,2376
2374,B,604,2377
2375,I,15452,2378
2376,B,2438,2379
2377,R,16771,2380
2378,B,688,2381
2379,I,15440,2382
2380,B,2432,2383
2381,R,16825,2384
2382,B,636,2385
2383,I,15392,2386
2384,B,2435,2387
2385,R,16841,2388
2386,B,678,2389
2387,I,15369,2390
2388,B,2448,2391
2389,R,16828,2392
2390,B,688,2394
2391,I,15468,2395
2392,B,2435,2396
2393,R,16870,2397
2394,B,675,2398
2395,I,15414,2399
2396,B,2444,2400
2397,R,16844,2401
2398,B,704,2402
2399,I,15456,2403
2400,B,2451,2404
2401,R,16857,2405
2402,B,684,2406
2403,I,15436,2407
2404,B,2419,2408
2405,R,16835,2409
2406,B,665,2410
2407,I,15504,2411
2408,B,2371,2412
2409,R,16828,2413
2410,B,688,2415
2411,I,15516,2416
2412,B,2464,2417
2413,R,16819,2418
2414,B,700,2419
2415,I,15443,2420
2416,B,2428,2421
2417,R,16848,2422
2418,B,729,2423
2419,I,15417,2424
2420,B,2419,2425
2421,R,16816,2426
2422,B,640,2427
2423,I,15388,2428
2424,B,2422,2429
2425,R,16822,2430
2426,B,739,2431
2427,I,15446,2432
2428,B,2432,2433
2429,R,16860,2434
2430,B,656,2436
2431,I,15385,2437
2432,B,2406,2438
2433,R,16793,2439
2434,B,700,2440
2435,I,15440,2441
2436,B,2396,2442
2437,R,16800,2443
2438,B,697,2444
2439,I,15504,2445
2440,B,2438,2446
2441,R,16828,2447
2442,B,678,2448
2443,I,15507,2449
2444,B,2400,2450
2445,R,16809,2451
2446,B,672,2452
2447,I,15475,2453
2448,B,2451,2454
2449,R,16809,2455
2450,B,652,2457
2451,I,15552,2458
2452,B,2387,2459
2453,R,16748,2460
2454,B,643,2461
2455,I,15468,2462
2456,B,2454,2463
2457,R,16832,2464
2458,B,668,2465
2459,I,15478,2466
2460,B,2428,2467
2461,R,16822,2468
2462,B,640,2469
2463,I,15347,2470
2464,B,2422,2471
2465,R,16838,2472
2466,B,700,2473
2467,I,15436,2474
2468,B,2451,2475
2469,R,16825,2476
2470,B,652,2478
2471,I,15568,2479
2472,B,2432,2480
2473,R,16854,2481
2474,B,688,2482
2475,I,15488,2483
2476,B,2438,2484
2477,R,16828,2485
2478,B,662,2486
2479,I,15459,2487
2480,B,2448,2488
2481,R,16854,2489
2482,B,665,2490
2483,I,15456,2491
2484,B,2438,2492
2485,R,16841,2493
2486,B,656,2494
2487,I,15465,2495
2488,B,2444,2496
2489,R,16838,2497
2490,B,713,2499
2491,I,15529,2500
2492,B,2473,2501
2493,R,16825,2502
2494,B,691,2503
2495,I,15472,2504
2496,B,2412,2505
2497,R,16835,2506
2498,B,697,2507
2499,I,15430,2508
2500,B,2419,2509
2501,R,16870,2510
2502,B,694,2511
2503,I,15424,2512
2504,B,2412,2513
2505,R,16876,2514
2506,B,681,2515
2507,I,15414,2516
2508,B,2451,2517
2509,R,16790,2518
2510,B,665,2520
2511,I,15395,2521
2512,B,2432,2522
2513,R,16832,2523
2514,B,681,2524
2515,I,15491,2525
2516,B,2422,2526
2517,R,16838,2527
2518,B,688,2528
2519,I,15440,2529
2520,B,2374,2530
2521,R,16844,2531
2522,B,627,2532
2523,I,15488,2533
2524,B,2444,2534
2525,R,16787,2535
2526,B,662,2536
2527,I,15475,2537
2528,B,2406,2538
2529,R,16787,2539
2530,B,684,2541
2531,I,15468,2542
2532,B,2422,2543
2533,R,16803,2544
2534,B,652,2545
2535,I,15462,2546
2536,B,2422,2547
2537,R,16828,2548
2538,B,665,2549
2539,I,15408,2550
2540,B,2454,2551
2541,R,16793,2552
2542,B,617,2553
2543,I,15337,2554
2544,B,2380,2555
2545,R,16822,2556
2546,B,656,2557
2547,I,15382,2558
2548,B,2464,2559
2549,R,16822,2560
2550,B,588,2562
2551,I,15539,2563
2552,B,2416,2564
2553,R,16825,2565
2554,B,662,2566
2555,I,15481,2567
2556,B,2396,2568
2557,R,16816,2569
2558,B,608,2570
2559,I,15459,2571
2560,B,2438,2572
2561,R,16841,2573
2562,B,704,2574
2563,I,15401,2575
2564,B,2412,2576
2565,R,16816,2577
2566,B,691,2578
2567,I,15468,2579
2568,B,2428,2580
2569,R,16883,2581
2570,B,700,2583
2571,I,15542,2584
2572,B,2403,2585
2573,R,16822,2586
2574,B,694,2587
2575,I,15446,2588
2576,B,2390,2589
2577,R,16851,2590
2578,B,755,2591
2579,I,15414,2592
2580,B,2428,2593
2581,R,16803,2594
2582,B,710,2595
2583,I,15472,2596
2584,B,2425,2597
2585,R,16848,2598
2586,B,678,2599
2587,I,15478,2600
2588,B,2400,2601
2589,R,16800,2602
2590,B,636,2604
2591,I,15545,2605
2592,B,2432,2606
2593,R,16835,2607
2594,B,678,2608
2595,I,15516,2609
2596,B,2400,2610
2597,R,16816,2611
2598,B,668,2612
2599,I,15462,2613
2600,B,2409,2614
2601,R,16816,2615
2602,B,659,2616
2603,I,15468,2617
2604,B,2387,2618
2605,R,16800,2619
2606,B,640,2620
2607,I,15481,2621
2608,B,2403,2622
2609,R,16768,2623
2610,B,672,2625
2611,I,15452,2626
2612,B,2406,2627
2613,R,16768,2628
2614,B,624,2629
2615,I,15456,2630
2616,B,2460,2631
2617,R,16803,2632
2618,B,617,2633
2619,I,15347,2634
2620,B,2432,2635
2621,R,16816,2636
2622,B,668,2637
2623,I,15337,2638
2624,B,2451,2639
2625,R,16889,2640
2626,B,643,2641
2627,I,15446,2642
2628,B,2444,2643
2629,R,16828,2644
2630,B,665,2646
2631,I,15481,2647
2632,B,2422,2648
2633,R,16819,2649
2634,B,681,2650
2635,I,15449,2651
2636,B,2448,2652
2637,R,16793,2653
2638,B,665,2654
2639,I,15440,2655
2640,B,2422,2656
2641,R,16819,2657
2642,B,646,2658
2643,I,15395,2659
2644,B,2438,2660
2645,R,16793,2661
2646,B,649,2662
2647,I,15481,2663
2648,B,2422,2664
2649,R,16816,2665
2650,B,665,2667
2651,I,15472,2668
2652,B,2422,2669
2653,R,16832,2670
2654,B,710,2671
2655,I,15401,2672
2656,B,2435,2673
2657,R,16825,2674
2658,B,739,2675
2659,I,15408,2676
2660,B,2409,2677
2661,R,16822,2678
2662,B,697,2679
2663,I,15465,2680
2664,B,2393,2681
2665,R,16803,2682
2666,B,736,2683
2667,I,15484,2684
2668,B,2409,2685
2669,R,16832,2686
2670,B,700,2688
2671,I,15504,2689
2672,B,2342,2690
2673,R,16771,2691
2674,B,662,2692
2675,I,15497,2693
2676,B,2412,2694
2677,R,16764,2695
2678,B,678,2696
2679,I,15542,2697
2680,B,2416,2698
2681,R,16777,2699
2682,B,659,2700
2683,I,15481,2701
2684,B,2342,2702
2685,R,16812,2703
2686,B,691,2704
2687,I,15443,2705
2688,B,2396,2706
2689,R,16774,2707
2690,B,665,2709
2691,I,15542,2710
2692,B,2435,2711
2693,R,16793,2712
2694,B,681,2713
2695,I,15452,2714
2696,B,2419,2715
2697,R,16790,2716
2698,B,656,2717
2699,I,15449,2718
2700,B,2432,2719
2701,R,16806,2720
2702,B,681,2721
2703,I,15388,2722
2704,B,2441,2723
2705,R,16838,2724
2706,B,649,2725
2707,I,15427,2726
2708,B,2425,2727
2709,R,16812,2728
2710,B,652,2730
2711,I,15494,2731
2712,B,2467,2732
2713,R,16806,2733
2714,B,652,2734
2715,I,15494,2735
2716,B,2412,2736
2717,R,16848,2737
2718,B,688,2738
2719,I,15452,2739
2720,B,2454,2740
2721,R,16825,2741
2722,B,668,2742
2723,I,15427,2743
2724,B,2412,2744
2725,R,16860,2745
2726,B,652,2746
2727,I,15452,2747
2728,B,2438,2748
2729,R,16854,2749
2730,B,704,2751
2731,I,15401,2752
2732,B,2438,2753
2733,R,16806,2754
2734,B,729,2755
2735,I,15392,2756
2736,B,2470,2757
2737,R,16803,2758
2738,B,668,2759
2739,I,15411,2760
2740,B,2416,2761
2741,R,16851,2762
2742,B,691,2763
2743,I,15427,2764
2744,B,2406,2765
2745,R,16844,2766
2746,B,636,2767
2747,I,15548,2768
2748,B,2460,2769
2749,R,16796,2770
2750,B,732,2772
2751,I,15545,2773
2752,B,2451,2774
2753,R,16796,2775
2754,B,678,2776
2755,I,15481,2777
2756,B,2390,2778
2757,R,16809,2779
2758,B,672,2780
2759,I,15532,2781
2760,B,2409,2782
2761,R,16806,2783
2762,B,627,2784
2763,I,15347,2785
2764,B,2419,2786
2765,R,16793,2787
2766,B,668,2788
2767,I,15449,2789
2768,B,2412,2790
2769,R,16752,2791
2770,B,678,2793
2771,I,15472,2794
2772,B,2441,2795
2773,R,16793,2796
2774,B,656,2797
2775,I,15440,2798
2776,B,2396,2799
2777,R,16812,2800
2778,B,656,2801
2779,I,15433,2802
2780,B,2473,2803
2781,R,16806,2804
2782,B,678,2805
2783,I,15408,2806
2784,B,2406,2807
2785,R,16796,2808
2786,B,643,2809
2787,I,15452,2810
2788,B,2371,2811
2789,R,16812,2812
2790,B,646,2814
2791,I,15577,2815
2792,B,2422,2816
2793,R,16832,2817
2794,B,652,2818
2795,I,15484,2819
2796,B,2428,2820
2797,R,16806,2821
2798,B,675,2822
2799,I,15449,2823
2800,B,2480,2824
2801,R,16825,2825
2802,B,646,2826
2803,I,15433,2827
2804,B,2390,2828
2805,R,16825,2829
2806,B,672,2830
2807,I,15452,2831
2808,B,2480,2832
2809,R,16870,2833
2810,B,672,2835
2811,I,15494,2836
2812,B,2464,2837
2813,R,16816,2838
2814,B,662,2839
2815,I,15385,2840
2816,B,2441,2841
2817,R,16860,2842
2818,B,684,2843
2819,I,15446,2844
2820,B,2428,2845
2821,R,16876,2846
2822,B,684,2847
2823,I,15360,2848
2824,B,2441,2849
2825,R,16835,2850
2826,B,694,2851
2827,I,15478,2852
2828,B,2435,2853
2829,R,16825,2854
2830,B,681,2856
2831,I,15494,2857
2832,B,2409,2858
2833,R,16806,2859
2834,B,665,2860
2835,I,15532,2861
2836,B,2422,2862
2837,R,16800,2863
2838,B,681,2864
2839,I,15507,2865
2840,B,2403,2866
2841,R,16822,2867
2842,B,662,2868
2843,I,15337,2869
2844,B,2403,2870
2845,R,16780,2871
2846,B,697,2872
2847,I,15385,2873
2848,B,2403,2874
2849,R,16803,2875
2850,B,665,2877
2851,I,15385,2878
2852,B,2384,2879
2853,R,16812,2880
2854,B,678,2881
2855,I,15353,2882
2856,B,2444,2883
2857,R,16784,2884
2858,B,652,2885
2859,I,15424,2886
2860,B,2393,2887
2861,R,16774,2888
2862,B,659,2889
2863,I,15347,2890
2864,B,2444,2891
2865,R,16822,2892
2866,B,595,2893
2867,I,15452,2894
2868,B,2396,2895
2869,R,16774,2896
2870,B,678,2898
2871,I,15539,2899
2872,B,2396,2900
2873,R,16819,2901
2874,B,627,2902
2875,I,15443,2903
2876,B,2393,2904
2877,R,16812,2905
2878,B,662,2906
2879,I,15401,2907
2880,B,2425,2908
2881,R,16768,2909
2882,B,649,2910
2883,I,15417,2911
2884,B,2384,2912
2885,R,16822,2913
2886,B,691,2914
2887,I,15404,2915
2888,B,2428,2916
2889,R,16812,2917
2890,B,688,2919
2891,I,15430,2920
2892,B,2444,2921
2893,R,16857,2922
2894,B,681,2923
2895,I,15401,2924
2896,B,2412,2925
2897,R,16832,2926
2898,B,672,2927
2899,I,15427,2928
2900,B,2432,2929
2901,R,16889,2930
2902,B,694,2931
2903,I,15443,2932
2904,B,2422,2933
2905,R,16825,2934
2906,B,688,2935
2907,I,15488,2936
2908,B,2416,2937
2909,R,16816,2938
2910,B,704,2940
2911,I,15497,2941
2912,B,2416,2942
2913,R,16819,2943
2914,B,716,2944
2915,I,15484,2945
2916,B,2432,2946
2917,R,16780,2947
2918,B,710,2948
2919,I,15516,2949
2920,B,2438,2950
2921,R,16800,2951
2922,B,646,2952
2923,I,15427,2953
2924,B,2371,2954
2925,R,16790,2955
2926,B,720,2956
2927,I,15401,2957
2928,B,2393,2958
2929,R,16809,2959
2930,B,656,2961
2931,I,15404,2962
2932,B,2364,2963
2933,R,16780,2964
2934,B,700,2965
2935,I,15312,2966
2936,B,2425,2967
2937,R,16803,2968
2938,B,668,2969
2939,I,15411,2970
2940,B,2406,2971
2941,R,16809,2972
2942,B,604,2973
2943,I,15395,2974
2944,B,2400,2975
2945,R,16812,2976
2946,B,643,2977
2947,I,15414,2978
2948,B,2441,2979
2949,R,16742,2980
2950,B,630,2982
2951,I,15558,2983
2952,B,2444,2984
2953,R,16768,2985
2954,B,668,2986
2955,I,15462,2987
2956,B,2444,2988
2957,R,16841,2989
2958,B,656,2990
2959,I,15420,2991
2960,B,2419,2992
2961,R,16793,2993
2962,B,652,2994
2963,I,15356,2995
2964,B,2403,2996
2965,R,16793,2997
2966,B,665,2998
2967,I,15443,2999
2968,B,2422,3000
2969,R,16784,3001
2970,B,668,3003
2971,I,15401,3004
2972,B,2467,3005
2973,R,16800,3006
2974,B,675,3007
2975,I,15321,3008
2976,B,2476,3009
2977,R,16828,3010
2978,B,652,3011
2979,I,15395,3012
2980,B,2400,3013
2981,R,16809,3014
2982,B,614,3015
2983,I,15433,3016
2984,B,2441,3017
2985,R,16819,3018
2986,B,700,3019
2987,I,15462,3020
2988,B,2428,3021
2989,R,16825,3022
2990,B,716,3024
2991,I,15520,3025
2992,B,2428,3026
2993,R,16854,3027
2994,B,668,3028
2995,I,15507,3029
2996,B,2432,3030
2997,R,16825,3031
2998,B,678,3032
2999,I,15513,3033
3000,B,2387,3034
3001,R,16838,3035
3002,B,691,3036
3003,I,15446,3037
3004,B,2419,3038
3005,R,16800,3039
3006,B,729,3040
3007,I,15414,3041
3008,B,2428,3042
3009,R,16800,3043
3010,B,652,3045
3011,I,15360,3046
3012,B,2406,3047
3013,R,16787,3048
3014,B,668,3049
3015,I,15459,3050
3016,B,2438,3051
3017,R,16768,3052
3018,B,684,3053
3019,I,15427,3054
3020,B,2428,3055
3021,R,16816,3056
3022,B,640,3057
3023,I,15379,3058
3024,B,2435,3059
3025,R,16736,3060
3026,B,668,3061
3027,I,15462,3062
3028,B,2441,3063
3029,R,16844,3064
3030,B,675,3066
3031,I,15536,3067
3032,B,2454,3068
3033,R,16803,3069
3034,B,668,3070
3035,I,15433,3071
3036,B,2441,3072
3037,R,16793,3073
3038,B,640,3074
3039,I,15392,3075
3040,B,2502,3076
3041,R,16819,3077
3042,B,630,3078
3043,I,15395,3079
3044,B,2438,3080
3045,R,16812,3081
3046,B,681,3082
3047,I,15318,3083
3048,B,2470,3084
3049,R,16838,3085
3050,B,633,3087
3051,I,15347,3088
3052,B,2406,3089
3053,R,16816,3090
3054,B,659,3091
3055,I,15289,3092
3056,B,2432,3093
3057,R,16809,3094
3058,B,630,3095
3059,I,15363,3096
3060,B,2435,3097
3061,R,16844,3098
3062,B,678,3099
3063,I,15468,3100
3064,B,2419,3101
3065,R,16812,3102
3066,B,691,3103
3067,I,15401,3104
3068,B,2425,3105
3069,R,16867,3106
3070,B,694,3108
3071,I,15484,3109
3072,B,2460,3110
3073,R,16793,3111
3074,B,710,3112
3075,I,15459,3113
3076,B,2416,3114
3077,R,16844,3115
3078,B,678,3116
3079,I,15424,3117
3080,B,2448,3118
3081,R,16809,3119
3082,B,688,3120
3083,I,15446,3121
3084,B,2400,3122
3085,R,16848,3123
3086,B,707,3124
3087,I,15382,3125
3088,B,2422,3126
3089,R,16790,3127
3090,B,678,3129
3091,I,15488,3130
3092,B,2387,3131
3093,R,16768,3132
3094,B,662,3133
3095,I,15500,3134
3096,B,2390,3135
3097,R,16825,3136
3098,B,684,3137
3099,I,15363,3138
3100,B,2380,3139
3101,R,16806,3140
3102,B,659,3141
3103,I,15414,3142
3104,B,2425,3143
3105,R,16787,3144
3106,B,646,3145
3107,I,15462,3146
3108,B,2387,3147
3109,R,16819,3148
3110,B,662,3150
3111,I,15516,3151
3112,B,2441,3152
3113,R,16800,3153
3114,B,652,3154
3115,I,15414,3155
3116,B,2460,3156
3117,R,16851,3157
3118,B,668,3158
3119,I,15385,3159
3120,B,2444,3160
3121,R,16816,3161
3122,B,643,3162
3123,I,15411,3163
3124,B,2428,3164
3125,R,16860,3165
3126,B,691,3166
3127,I,15398,3167
3128,B,2432,3168
3129,R,16819,3169
3130,B,675,3171
3131,I,15388,3172
3132,B,2409,3173
3133,R,16828,3174
3134,B,640,3175
3135,I,15344,3176
3136,B,2451,3177
3137,R,16812,3178
3138,B,672,3179
3139,I,15337,3180
3140,B,2438,3181
3141,R,16889,3182
3142,B,675,3183
3143,I,15414,3184
3144,B,2451,3185
3145,R,16825,3186
3146,B,649,3187
3147,I,15344,3188
3148,B,2457,3189
3149,R,16816,3190
3150,B,643,3192
3151,I,15532,3193
3152,B,2416,3194
3153,R,16800,3195
3154,B,729,3196
3155,I,15388,3197
3156,B,2448,3198
3157,R,16774,3199
3158,B,723,3200
3159,I,15360,3201
3160,B,2412,3202
3161,R,16787,3203
3162,B,678,3204
3163,I,15443,3205
3164,B,2406,3206
3165,R,16784,3207
3166,B,691,3208
3167,I,15324,3209
3168,B,2412,3210
3169,R,16806,3211
3170,B,675,3213
3171,I,15491,3214
3172,B,2342,3215
3173,R,16761,3216
3174,B,678,3217
3175,I,15372,3218
3176,B,2406,3219
3177,R,16787,3220
3178,B,633,3221
3179,I,15344,3222
3180,B,2412,3223
3181,R,16832,3224
3182,B,627,3225
3183,I,15488,3226
3184,B,2364,3227
3185,R,16787,3228
3186,B,675,3229
3187,I,15420,3230
3188,B,2416,3231
3189,R,16796,3232
3190,B,614,3234
3191,I,15555,3235
3192,B,2425,3236
3193,R,16739,3237
3194,B,668,3238
3195,I,15436,3239
3196,B,2457,3240
3197,R,16784,3241
3198,B,598,3242
3199,I,15369,3243
3200,B,2403,3244
3201,R,16764,3245
3202,B,678,3246
3203,I,15436,3247
3204,B,2416,3248
3205,R,16790,3249
3206,B,688,3250
3207,I,15321,3251
3208,B,2390,3252
3209,R,16777,3253
3210,B,691,3255
3211,I,15427,3256
3212,B,2435,3257
3213,R,16825,3258
3214,B,665,3259
3215,I,15443,3260
3216,B,2435,3261
3217,R,16851,3262
3218,B,668,3263
3219,I,15446,3264
3220,B,2448,3265
3221,R,16832,3266
3222,B,665,3267
3223,I,15440,3268
3224,B,2464,3269
3225,R,16844,3270
3226,B,694,3271
3227,I,15433,3272
3228,B,2496,3273
3229,R,16822,3274
3230,B,716,3276
3231,I,15558,3277
3232,B,2457,3278
3233,R,16790,3279
3234,B,697,3280
3235,I,15462,3281
3236,B,2422,3282
3237,R,16816,3283
3238,B,659,3284
3239,I,15424,3285
3240,B,2432,3286
3241,R,16790,3287
3242,B,716,3288
3243,I,15376,3289
3244,B,2390,3290
3245,R,16812,3291
3246,B,716,3292
3247,I,15424,3293
3248,B,2400,3294
3249,R,16784,3295
3250,B,755,3297
3251,I,15488,3298
3252,B,2393,3299
3253,R,16825,3300
3254,B,672,3301
3255,I,15420,3302
3256,B,2403,3303
3257,R,16748,3304
3258,B,662,3305
3259,I,15363,3306
3260,B,2435,3307
3261,R,16803,3308
3262,B,668,3309
3263,I,15404,3310
3264,B,2419,3311
3265,R,16729,3312
3266,B,665,3313
3267,I,15376,3314
3268,B,2409,3315
3269,R,16768,3316
3270,B,668,3318
3271,I,15510,3319
3272,B,2412,3320
3273,R,16838,3321
3274,B,659,3322
3275,I,15488,3323
3276,B,2403,3324
3277,R,16771,3325
3278,B,630,3326
3279,I,15299,3327
3280,B,2425,3328
3281,R,16784,3329
3282,B,656,3330
3283,I,15475,3331
3284,B,2425,3332
3285,R,16816,3333
3286,B,646,3334
3287,I,15321,3335
3288,B,2416,3336
3289,R,16803,3337
3290,B,681,3339
3291,I,15449,3340
3292,B,2441,3341
3293,R,16809,3342
3294,B,659,3343
3295,I,15424,3344
3296,B,2416,3345
3297,R,16816,3346
3298,B,672,3347
3299,I,15411,3348
3300,B,2419,3349
3301,R,16812,3350
3302,B,672,3351
3303,I,15465,3352
3304,B,2441,3353
3305,R,16838,3354
3306,B,732,3355
3307,I,15456,3356
3308,B,2483,3357
3309,R,16825,3358
3310,B,697,3360
3311,I,15488,3361
3312,B,2406,3362
3313,R,16796,3363
3314,B,729,3364
3315,I,15491,3365
3316,B,2406,3366
3317,R,16809,3367
3318,B,704,3368
3319,I,15417,3369
3320,B,2419,3370
3321,R,16841,3371
3322,B,726,3372
3323,I,15475,3373
3324,B,2355,3374
3325,R,16806,3375
3326,B,675,3376
3327,I,15472,3377
3328,B,2419,3378
3329,R,16787,3379
3330,B,675,3381
3331,I,15523,3382
3332,B,2390,3383
3333,R,16758,3384
3334,B,668,3385
3335,I,15494,3386
3336,B,2428,3387
3337,R,16819,3388
3338,B,636,3389
3339,I,15411,3390
3340,B,2403,3391
3341,R,16780,3392
3342,B,659,3393
3343,I,15440,3394
3344,B,2390,3395
3345,R,16812,3396
3346,B,652,3397
3347,I,15440,3398
3348,B,2428,3399
3349,R,16828,3400
3350,B,665,3402
3351,I,15513,3403
3352,B,2406,3404
3353,R,16835,3405
3354,B,630,3406
3355,I,15446,3407
3356,B,2476,3408
3357,R,16790,3409
3358,B,630,3410
3359,I,15404,3411
3360,B,2396,3412
3361,R,16806,3413
3362,B,691,3414
3363,I,15433,3415
3364,B,2476,3416
3365,R,16784,3417
3366,B,604,3418
3367,I,15318,3419
3368,B,2406,3420
3369,R,16828,3421
3370,B,659,3423
3371,I,15449,3424
3372,B,2441,3425
3373,R,16800,3426
3374,B,608,3427
3375,I,15369,3428
3376,B,2438,3429
3377,R,16816,3430
3378,B,668,3431
3379,I,15376,3432
3380,B,2406,3433
3381,R,16816,3434
3382,B,640,3435
3383,I,15433,3436
3384,B,2448,3437
3385,R,16867,3438
3386,B,665,3439
3387,I,15468,3440
3388,B,2438,3441
3389,R,16803,3442
3390,B,713,3444
3391,I,15484,3445
3392,B,2403,3446
3393,R,16835,3447
3394,B,697,3448
3395,I,15491,3449
3396,B,2425,3450
3397,R,16787,3451
3398,B,720,3452
3399,I,15446,3453
3400,B,2387,3454
3401,R,16828,3455
3402,B,684,3456
3403,I,15446,3457
3404,B,2384,3458
3405,R,16816,3459
3406,B,681,3460
3407,I,15433,3461
3408,B,2361,3462
3409,R,16768,3463
3410,B,707,3465
3411,I,15462,3466
3412,B,2396,3467
3413,R,16784,3468
3414,B,659,3469
3415,I,15491,3470
3416,B,2371,3471
3417,R,16803,3472
3418,B,675,3473
3419,I,15436,3474
3420,B,2393,3475
3421,R,16806,3476
3422,B,643,3477
3423,I,15472,3478
3424,B,2384,3479
3425,R,16787,3480
3426,B,707,3481
3427,I,15468,3482
3428,B,2441,3483
3429,R,16790,3484
3430,B,620,3486
3431,I,15513,3487
3432,B,2384,3488
3433,R,16819,3489
3434,B,665,3490
3435,I,15462,3491
3436,B,2419,3492
3437,R,16752,3493
3438,B,646,3494
3439,I,15420,3495
3440,B,2355,3496
3441,R,16803,3497
3442,B,652,3498
3443,I,15395,3499
3444,B,2409,3500
3445,R,16768,3501
3446,B,662,3502
3447,I,15286,3503
3448,B,2441,3504
3449,R,16796,3505
3450,B,652,3507
3451,I,15468,3508
3452,B,2428,3509
3453,R,16793,3510
3454,B,678,3511
3455,I,15382,3512
3456,B,2438,3513
3457,R,16822,3514
3458,B,656,3515
3459,I,15376,3516
3460,B,2467,3517
3461,R,16816,3518
3462,B,659,3519
3463,I,15404,3520
3464,B,2448,3521
3465,R,16816,3522
3466,B,665,3523
3467,I,15404,3524
3468,B,2438,3525
3469,R,16796,3526
3470,B,672,3528
3471,I,15491,3529
3472,B,2416,3530
3473,R,16793,3531
3474,B,694,3532
3475,I,15475,3533
3476,B,2444,3534
3477,R,16790,3535
3478,B,646,3536
3479,I,15382,3537
3480,B,2409,3538
3481,R,16780,3539
3482,B,739,3540
3483,I,15443,3541
3484,B,2409,3542
3485,R,16771,3543
3486,B,684,3544
3487,I,15462,3545
3488,B,2396,3546
3489,R,16771,3547
3490,B,726,3549
3491,I,15398,3550
3492,B,2425,3551
3493,R,16809,3552
3494,B,611,3553
3495,I,15443,3554
3496,B,2368,3555
3497,R,16796,3556
3498,B,643,3557
3499,I,15436,3558
3500,B,2400,3559
3501,R,16777,3560
3502,B,665,3561
3503,I,15472,3562
3504,B,2419,3563
3505,R,16796,3564
3506,B,684,3565
3507,I,15532,3566
3508,B,2406,3567
3509,R,16732,3568
3510,B,675,3570
3511,I,15478,3571
3512,B,2425,3572
3513,R,16803,3573
3514,B,611,3574
3515,I,15484,3575
3516,B,2419,3576
3517,R,16742,3577
3518,B,662,3578
3519,I,15462,3579
3520,B,2412,3580
3521,R,16771,3581
3522,B,630,3582
3523,I,15414,3583
3524,B,2425,3584
3525,R,16780,3585
3526,B,668,3586
3527,I,15392,3587
3528,B,2416,3588
3529,R,16787,3589
3530,B,665,3591
3531,I,15452,3592
3532,B,2435,3593
3533,R,16809,3594
3534,B,630,3595
3535,I,15430,3596
3536,B,2441,3597
3537,R,16803,3598
3538,B,688,3599
3539,I,15452,3600
3540,B,2518,3601
3541,R,16816,3602
3542,B,627,3603
3543,I,15433,3604
3544,B,2425,3605
3545,R,16857,3606
3546,B,688,3607
3547,I,15440,3608
3548,B,2489,3609
3549,R,16787,3610
3550,B,665,3612
3551,I,15532,3613
3552,B,2451,3614
3553,R,16806,3615
3554,B,684,3616
3555,I,15430,3617
3556,B,2457,3618
3557,R,16771,3619
3558,B,691,3620
3559,I,15369,3621
3560,B,2444,3622
3561,R,16838,3623
3562,B,729,3624
3563,I,15369,3625
3564,B,2409,3626
3565,R,16787,3627
3566,B,736,3628
3567,I,15324,3629
3568,B,2412,3630
3569,R,16835,3631
3570,B,652,3633
3571,I,15411,3634
3572,B,2416,3635
3573,R,16755,3636
3574,B,640,3637
3575,I,15385,3638
3576,B,2457,3639
3577,R,16851,3640
3578,B,659,3641
3579,I,15401,3642
3580,B,2412,3643
3581,R,16742,3644
3582,B,662,3645
3583,I,15475,3646
3584,B,2432,3647
3585,R,16806,3648
3586,B,662,3649
3587,I,15510,3650
3588,B,2396,3651
3589,R,16816,3652
3590,B,633,3654
3591,I,15475,3655
3592,B,2393,3656
3593,R,16790,3657
3594,B,675,3658
3595,I,15532,3659
3596,B,2403,3660
3597,R,16748,3661
3598,B,678,3662
3599,I,15420,3663
3600,B,2364,3664
3601,R,16780,3665
3602,B,643,3666
3603,I,15366,3667
3604,B,2371,3668
3605,R,16787,3669
3606,B,652,3670
3607,I,15395,3671
3608,B,2393,3672
3609,R,16771,3673
3610,B,643,3675
3611,I,15420,3676
3612,B,2416,3677
3613,R,16787,3678
3614,B,652,3679
3615,I,15443,3680
3616,B,2470,3681
3617,R,16780,3682
3618,B,659,3683
3619,I,15459,3684
3620,B,2409,3685
3621,R,16835,3686
3622,B,640,3687
3623,I,15382,3688
3624,B,2467,3689
3625,R,16838,3690
3626,B,659,3691
3627,I,15427,3692
3628,B,2451,3693
3629,R,16768,3694
3630,B,688,3696
3631,I,15568,3697
3632,B,2425,3698
3633,R,16838,3699
3634,B,675,3700
3635,I,15465,3701
3636,B,2451,3702
3637,R,16800,3703
3638,B,723,3704
3639,I,15420,3705
3640,B,2425,3706
3641,R,16851,3707
3642,B,659,3708
3643,I,15433,3709
3644,B,2419,3710
3645,R,16800,3711
3646,B,697,3712
3647,I,15350,3713
3648,B,2422,3714
3649,R,16764,3715
3650,B,659,3717
3651,I,15462,3718
3652,B,2432,3719
3653,R,16796,3720
3654,B,675,3721
3655,I,15302,3722
3656,B,2396,3723
3657,R,16828,3724
3658,B,668,3725
3659,I,15430,3726
3660,B,2448,3727
3661,R,16800,3728
3662,B,668,3729
3663,I,15417,3730
3664,B,2416,3731
3665,R,16796,3732
3666,B,659,3733
3667,I,15443,3734
3668,B,2422,3735
3669,R,16787,3736
3670,B,704,3738
3671,I,15500,3739
3672,B,2374,3740
3673,R,16780,3741
3674,B,665,3742
3675,I,15436,3743
3676,B,2396,3744
3677,R,16761,3745
3678,B,649,3746
3679,I,15424,3747
3680,B,2364,3748
3681,R,16806,3749
3682,B,611,3750
3683,I,15401,3751
3684,B,2406,3752
3685,R,16774,3753
3686,B,649,3754
3687,I,15331,3755
3688,B,2428,3756
3689,R,16777,3757
3690,B,604,3759
3691,I,15379,3760
3692,B,2406,3761
3693,R,16780,3762
3694,B,675,3763
3695,I,15404,3764
3696,B,2451,3765
3697,R,16825,3766
3698,B,636,3767
3699,I,15408,3768
3700,B,2435,3769
3701,R,16796,3770
3702,B,675,3771
3703,I,15340,3772
3704,B,2441,3773
3705,R,16812,3774
3706,B,668,3775
3707,I,15446,3776
3708,B,2416,3777
3709,R,16758,3778
3710,B,672,3780
3711,I,15536,3781
3712,B,2425,3782
3713,R,16800,3783
3714,B,691,3784
3715,I,15420,3785
3716,B,2419,3786
3717,R,16816,3787
3718,B,691,3788
3719,I,15465,3789
3720,B,2403,3790
3721,R,16800,3791
3722,B,684,3792
3723,I,15337,3793
3724,B,2470,3794
3725,R,16764,3795
3726,B,694,3796
3727,I,15424,3797
3728,B,2448,3798
3729,R,16790,3799
3730,B,691,3801
3731,I,15481,3802
3732,B,2467,3803
3733,R,16816,3804
3734,B,707,3805
3735,I,15395,3806
3736,B,2444,3807
3737,R,16803,3808
3738,B,768,3809
3739,I,15491,3810
3740,B,2416,3811
3741,R,16816,3812
3742,B,697,3813
3743,I,15424,3814
3744,B,2438,3815
3745,R,16806,3816
3746,B,732,3817
3747,I,15529,3818
3748,B,2352,3819
3749,R,16809,3820
3750,B,742,3822
3751,I,15532,3823
3752,B,2438,3824
3753,R,16793,3825
3754,B,643,3826
3755,I,15481,3827
3756,B,2342,3828
3757,R,16704,3829
3758,B,681,3830
3759,I,15443,3831
3760,B,2416,3832
3761,R,16800,3833
3762,B,662,3834
3763,I,15417,3835
3764,B,2412,3836
3765,R,16748,3837
3766,B,640,3838
3767,I,15283,3839
3768,B,2428,3840
3769,R,16748,3841
3770,B,643,3843
3771,I,15430,3844
3772,B,2435,3845
3773,R,16771,3846
3774,B,659,3847
3775,I,15382,3848
3776,B,2444,3849
3777,R,16803,3850
3778,B,684,3851
3779,I,15401,3852
3780,B,2441,3853
3781,R,16800,3854
3782,B,643,3855
3783,I,15347,3856
3784,B,2384,3857
3785,R,16793,3858
3786,B,659,3859
3787,I,15449,3860
3788,B,2396,3861
3789,R,16803,3862
3790,B,662,3864
3791,I,15491,3865
3792,B,2422,3866
3793,R,16739,3867
3794,B,652,3868
3795,I,15433,3869
3796,B,2444,3870
3797,R,16800,3871
3798,B,633,3872
3799,I,15404,3873
3800,B,2460,3874
3801,R,16803,3875
3802,B,646,3876
3803,I,15331,3877
3804,B,2419,3878
3805,R,16841,3879
3806,B,684,3880
3807,I,15420,3881
3808,B,2432,3882
3809,R,16880,3883
3810,B,684,3885
3811,I,15433,3886
3812,B,2416,3887
3813,R,16787,3888
3814,B,732,3889
3815,I,15328,3890
3816,B,2489,3891
3817,R,16838,3892
3818,B,668,3893
3819,I,15491,3894
3820,B,2409,3895
3821,R,16838,3896
3822,B,678,3897
3823,I,15465,3898
3824,B,2419,3899
3825,R,16825,3900
3826,B,700,3901
3827,I,15526,3902
3828,B,2425,3903
3829,R,16777,3904
3830,B,700,3906
3831,I,15532,3907
3832,B,2380,3908
3833,R,16771,3909
3834,B,659,3910
3835,I,15465,3911
3836,B,2371,3912
3837,R,16787,3913
3838,B,700,3914
3839,I,15555,3915
3840,B,2393,3916
3841,R,16796,3917
3842,B,649,3918
3843,I,15360,3919
3844,B,2390,3920
3845,R,16777,3921
3846,B,684,3922
3847,I,15308,3923
3848,B,2416,3924
3849,R,16745,3925
3850,B,643,3927
3851,I,15443,3928
3852,B,2419,3929
3853,R,16774,3930
3854,B,688,3931
3855,I,15404,3932
3856,B,2409,3933
3857,R,16784,3934
3858,B,646,3935
3859,I,15427,3936
3860,B,2422,3937
3861,R,16819,3938
3862,B,681,3939
3863,I,15414,3940
3864,B,2435,3941
3865,R,16816,3942
3866,B,582,3943
3867,I,15408,3944
3868,B,2409,3945
3869,R,16819,3946
3870,B,684,3948
3871,I,15536,3949
3872,B,2419,3950
3873,R,16828,3951
3874,B,633,3952
3875,I,15433,3953
3876,B,2438,3954
3877,R,16800,3955
3878,B,659,3956
3879,I,15305,3957
3880,B,2428,3958
3881,R,16803,3959
3882,B,624,3960
3883,I,15264,3961
3884,B,2435,3962
3885,R,16822,3963
3886,B,672,3964
3887,I,15337,3965
3888,B,2464,3966
3889,R,16790,3967
3890,B,659,3969
3891,I,15347,3970
3892,B,2451,3971
3893,R,16822,3972
3894,B,694,3973
3895,I,15318,3974
3896,B,2409,3975
3897,R,16864,3976
3898,B,697,3977
3899,I,15443,3978
3900,B,2428,3979
3901,R,16825,3980
3902,B,678,3981
3903,I,15427,3982
3904,B,2428,3983
3905,R,16787,3984
3906,B,678,3985
3907,I,15465,3986
3908,B,2419,3987
3909,R,16800,3988
3910,B,672,3990
3911,I,15536,3991
3912,B,2406,3992
3913,R,16771,3993
3914,B,694,3994
3915,I,15433,3995
3916,B,2432,3996
3917,R,16768,3997
3918,B,675,3998
3919,I,15484,3999
3920,B,2422,4000
3921,R,16771,4001
3922,B,678,4002
3923,I,15334,4003
3924,B,2332,4004
3925,R,16748,4005
3926,B,697,4006
3927,I,15376,4007
3928,B,2422,4008
3929,R,16764,4009
3930,B,688,4011
3931,I,15456,4012
3932,B,2400,4013
3933,R,16790,4014
3934,B,716,4015
3935,I,15398,4016
3936,B,2444,4017
3937,R,16768,4018
3938,B,640,4019
3939,I,15452,4020
3940,B,2422,4021
3941,R,16739,4022
3942,B,668,4023
3943,I,15456,4024
3944,B,2416,4025
3945,R,16784,4026
3946,B,672,4027
3947,I,15478,4028
3948,B,2384,4029
3949,R,16736,4030
3950,B,691,4032
3951,I,15529,4033
3952,B,2435,4034
3953,R,16723,4035
3954,B,630,4036
3955,I,15449,4037
3956,B,2444,4038
3957,R,16768,4039
3958,B,662,4040
3959,I,15385,4041
3960,B,2451,4042
3961,R,16780,4043
3962,B,668,4044
3963,I,15340,4045
3964,B,2428,4046
3965,R,16803,4047
3966,B,659,4048
3967,I,15334,4049
3968,B,2441,4050
3969,R,16816,4051
3970,B,675,4053
3971,I,15328,4054
3972,B,2451,4055
3973,R,16838,4056
3974,B,694,4057
3975,I,15411,4058
3976,B,2473,4059
3977,R,16825,4060
3978,B,662,4061
3979,I,15408,4062
3980,B,2454,4063
3981,R,16809,4064
3982,B,694,4065
3983,I,15452,4066
3984,B,2467,4067
3985,R,16784,4068
3986,B,691,4069
3987,I,15414,4070
3988,B,2393,4071
3989,R,16806,4072
3990,B,697,4074
3991,I,15462,4075
3992,B,2448,4076
3993,R,16771,4077
3994,B,649,4078
3995,I,15459,4079
3996,B,2403,4080
3997,R,16758,4081
3998,B,713,4082
3999,I,15363,4083
4000,B,2409,4084
4001,R,16800,4085
4002,B,633,4086
4003,I,15283,4087
4004,B,2412,4088
4005,R,16790,4089
4006,B,688,4090
4007,I,15321,4091
4008,B,2428,4092
4009,R,16812,4093
4010,B,649,4095
4011,I,15340,4096
4012,B,2374,4097
4013,R,16784,4098
4014,B,684,4099
4015,I,15436,4100
4016,B,2441,4101
4017,R,16716,4102
4018,B,665,4103
4019,I,15452,4104
4020,B,2390,4105
4021,R,16812,4106
4022,B,688,4107
4023,I,15491,4108
4024,B,2422,4109
4025,R,16748,4110
4026,B,672,4111
4027,I,15459,4112
4028,B,2412,4113
4029,R,16806,4114
4030,B,662,4116
4031,I,15555,4117
4032,B,2416,4118
4033,R,16758,4119
4034,B,656,4120
4035,I,15414,4121
4036,B,2454,4122
4037,R,16780,4123
4038,B,688,4124
4039,I,15398,4125
4040,B,2444,4126
4041,R,16777,4127
4042,B,656,4128
4043,I,15420,4129
4044,B,2403,4130
4045,R,16816,4131
4046,B,646,4132
4047,I,15385,4133
4048,B,2428,4134
4049,R,16793,4135
4050,B,665,4137
4051,I,15504,4138
4052,B,2441,4139
4053,R,16793,4140
4054,B,688,4141
4055,I,15401,4142
4056,B,2512,4143
4057,R,16832,4144
4058,B,640,4145
4059,I,15417,4146
4060,B,2470,4147
4061,R,16822,4148
4062,B,694,4149
4063,I,15481,4150
4064,B,2428,4151
4065,R,16835,4152
4066,B,649,4153
4067,I,15427,4154
4068,B,2403,4155
4069,R,16832,4156
4070,B,684,4158
4071,I,15513,4159
4072,B,2480,4160
4073,R,16768,4161
4074,B,707,4162
4075,I,15497,4163
4076,B,2444,4164
4077,R,16838,4165
4078,B,688,4166
4079,I,15411,4167
4080,B,2409,4168
4081,R,16761,4169
4082,B,707,4170
4083,I,15401,4171
4084,B,2432,4172
4085,R,16844,4173
4086,B,652,4174
4087,I,15398,4175
4088,B,2412,4176
4089,R,16768,4177
4090,B,662,4179
4091,I,15315,4180
4092,B,2412,4181
4093,R,16758,4182
4094,B,691,4183
4095,I,15478,4184
4096,B,2428,4185
4097,R,16800,4186
4098,B,662,4187
4099,I,15376,4188
4100,B,2384,4189
4101,R,16816,4190
4102,B,614,4191
4103,I,15408,4192
4104,B,2425,4193
4105,R,16774,4194
4106,B,659,4195
4107,I,15491,4196
4108,B,2396,4197
4109,R,16771,4198
4110,B,697,4200
4111,I,15497,4201
4112,B,2438,4202
4113,R,16787,4203
4114,B,662,4204
4115,I,15459,4205
4116,B,2390,4206
4117,R,16800,4207
4118,B,662,4208
4119,I,15376,4209
4120,B,2406,4210
4121,R,16771,4211
4122,B,620,4212
4123,I,15414,4213
4124,B,2374,4214
4125,R,16787,4215
4126,B,688,4216
4127,I,15379,4217
4128,B,2473,4218
4129,R,16806,4219
4130,B,646,4221
4131,I,15427,4222
4132,B,2400,4223
4133,R,16812,4224
4134,B,662,4225
4135,I,15472,4226
4136,B,2428,4227
4137,R,16780,4228
4138,B,633,4229
4139,I,15392,4230
4140,B,2476,4231
4141,R,16835,4232
4142,B,672,4233
4143,I,15465,4234
4144,B,2416,4235
4145,R,16809,4236
4146,B,707,4237
4147,I,15436,4238
4148,B,2409,4239
4149,R,16838,4240
4150,B,681,4242
4151,I,15539,4243
4152,B,2416,4244
4153,R,16793,4245
4154,B,688,4246
4155,I,15462,4247
4156,B,2432,4248
4157,R,16848,4249
4158,B,681,4250
4159,I,15408,4251
4160,B,2432,4252
4161,R,16774,4253
4162,B,697,4254
4163,I,15446,4255
4164,B,2419,4256
4165,R,16739,4257
4166,B,662,4258
4167,I,15382,4259
4168,B,2384,4260
4169,R,16790,4261
4170,B,688,4263
4171,I,15459,4264
4172,B,2419,4265
4173,R,16768,4266
4174,B,710,4267
4175,I,15459,4268
4176,B,2432,4269
4177,R,16787,4270
4178,B,636,4271
4179,I,15392,4272
4180,B,2377,4273
4181,R,16777,4274
4182,B,697,4275
4183,I,15462,4276
4184,B,2396,4277
4185,R,16777,4278
4186,B,643,4279
4187,I,15446,4280
4188,B,2393,4281
4189,R,16780,4282
4190,B,681,4284
4191,I,15488,4285
4192,B,2425,4286
4193,R,16758,4287
4194,B,636,4288
4195,I,15446,4289
4196,B,2464,4290
4197,R,16803,4291
4198,B,633,4292
4199,I,15350,4293
4200,B,2396,4294
4201,R,16752,4295
4202,B,678,4296
4203,I,15344,4297
4204,B,2438,4298
4205,R,16771,4299
4206,B,668,4300
4207,I,15395,4301
4208,B,2409,4302
4209,R,16787,4303
4210,B,704,4305
4211,I,15363,4306
4212,B,2438,4307
4213,R,16819,4308
4214,B,643,4309
4215,I,15417,4310
4216,B,2480,4311
4217,R,16771,4312
4218,B,649,4313
4219,I,15369,4314
4220,B,2476,4315
4221,R,16793,4316
4222,B,691,4317
4223,I,15436,4318
4224,B,2464,4319
4225,R,16812,4320
4226,B,688,4321
4227,I,15433,4322
4228,B,2435,4323
4229,R,16825,4324
4230,B,697,4326
4231,I,15548,4327
4232,B,2444,4328
4233,R,16809,4329
4234,B,672,4330
4235,I,15504,4331
4236,B,2438,4332
4237,R,16780,4333
4238,B,732,4334
4239,I,15465,4335
4240,B,2441,4336
4241,R,16796,4337
4242,B,713,4338
4243,I,15446,4339
4244,B,2422,4340
4245,R,16768,4341
4246,B,694,4342
4247,I,15443,4343
4248,B,2380,4344
4249,R,16771,4345
4250,B,700,4347
