,TAG,Value,Time
0,B,0,0
1,R,30636,0
2,B,0,0
3,I,31388,1
4,B,0,1
5,R,30560,1
6,B,0,1
7,I,31376,2
8,B,0,2
9,R,30582,2
10,B,0,2
11,I,31398,3
12,B,0,3
13,R,30547,3
14,B,0,3
15,I,31424,4
16,B,0,4
17,R,30409,4
18,B,0,5
19,I,31372,5
20,B,0,5
21,R,30451,5
22,B,0,6
23,I,31350,6
24,B,0,6
25,R,30489,6
26,B,0,7
27,I,31369,7
28,B,0,8
29,R,30582,9
30,B,0,10
31,I,31401,10
32,B,0,11
33,R,30406,12
34,B,0,13
35,I,31427,13
36,B,0,14
37,R,30364,15
38,B,0,16
39,I,31392,16
40,B,0,17
41,R,30390,18
42,B,0,19
43,I,31312,19
44,B,0,20
45,R,30416,21
46,B,0,22
47,I,31369,22
48,B,0,23
49,R,30358,24
50,B,0,25
51,I,31292,26
52,B,0,26
53,R,30489,27
54,B,0,28
55,I,31395,29
56,B,0,30
57,R,30406,30
58,B,0,31
59,I,31337,32
60,B,0,33
61,R,30502,33
62,B,0,34
63,I,31417,35
64,B,0,36
65,R,30387,36
66,B,0,37
67,I,31324,38
68,B,0,39
69,R,30521,39
70,B,0,40
71,I,31334,41
72,B,0,42
73,R,30499,43
74,B,0,43
75,I,31190,44
76,B,0,45
77,R,30390,46
78,B,0,47
79,I,31225,47
80,B,0,48
81,R,30441,49
82,B,0,50
83,I,31180,50
84,B,0,51
85,R,30345,52
86,B,0,53
87,I,31344,53
88,B,0,54
89,R,30515,55
90,B,0,56
91,I,31372,56
92,B,0,57
93,R,30371,58
94,B,0,59
95,I,31241,59
96,B,0,60
97,R,30435,61
98,B,0,62
99,I,31203,63
100,B,0,64
101,R,30320,64
102,B,0,65
103,I,31241,66
104,B,0,67
105,R,30476,67
106,B,0,68
107,I,31276,69
108,B,0,70
109,R,30451,70
110,B,0,71
111,I,31296,72
112,B,0,73
113,R,30368,73
114,B,0,74
115,I,31379,75
116,B,0,76
117,R,30454,76
118,B,0,77
119,I,31308,78
120,B,0,79
121,R,30496,80
122,B,0,80
123,I,31315,81
124,B,0,82
125,R,30310,83
126,B,0,84
127,I,31180,84
128,B,0,85
129,R,30281,86
130,B,0,87
131,I,31254,87
132,B,0,88
133,R,30403,89
134,B,0,90
135,I,31244,90
136,B,0,91
137,R,30448,92
138,B,0,93
139,I,31356,93
140,B,0,94
141,R,30425,95
142,B,0,96
143,I,31209,97
144,B,0,97
145,R,30342,98
146,B,0,99
147,I,31302,100
148,B,0,101
149,R,30454,101
150,B,0,102
151,I,31273,103
152,B,0,104
153,R,30419,105
154,B,0,106
155,I,31174,106
156,B,0,108
157,R,30451,108
158,B,0,109
159,I,31289,110
160,B,0,111
161,R,30316,112
162,B,0,113
163,I,31225,113
164,B,0,114
165,R,30400,115
166,B,0,116
167,I,31068,117
168,B,0,118
169,R,30345,118
170,B,0,119
171,I,31254,120
172,B,0,121
173,R,30288,122
174,B,0,123
175,I,31120,124
176,B,0,125
177,R,30249,125
178,B,0,126
179,I,31052,127
180,B,0,128
181,R,30294,129
182,B,0,130
183,I,31100,130
184,B,0,132
185,R,30291,132
186,B,0,133
187,I,31059,134
188,B,0,135
189,R,30345,136
190,B,0,137
191,I,31209,137
192,B,0,138
193,R,30262,139
194,B,0,140
195,I,30963,141
196,B,0,142
197,R,30374,142
198,B,0,143
199,I,31030,144
200,B,0,145
201,R,30380,146
202,B,0,147
203,I,31136,148
204,B,0,149
205,R,30339,149
206,B,0,150
207,I,31113,151
208,B,0,152
209,R,30246,153
210,B,0,154
211,I,30985,154
212,B,0,156
213,R,30284,156
214,B,0,157
215,I,31046,158
216,B,0,159
217,R,30176,160
218,B,0,161
219,I,31072,161
220,B,0,162
221,R,30227,163
222,B,0,164
223,I,31027,165
224,B,0,166
225,R,30265,166
226,B,0,167
227,I,31062,168
228,B,0,169
229,R,30313,170
230,B,0,171
231,I,31011,172
232,B,0,173
233,R,30284,173
234,B,0,174
235,I,31078,175
236,B,0,176
237,R,30217,177
238,B,0,178
239,I,30944,178
240,B,0,180
241,R,30355,180
242,B,0,181
243,I,30956,182
244,B,0,183
245,R,30345,184
246,B,0,185
247,I,30902,185
248,B,0,186
249,R,30211,187
250,B,0,188
251,I,31036,189
252,B,0,190
253,R,30140,190
254,B,0,191
255,I,30995,192
256,B,0,193
257,R,30211,194
258,B,0,195
259,I,30963,196
260,B,0,197
261,R,30281,197
262,B,0,198
263,I,30985,199
264,B,0,200
265,R,30268,201
266,B,0,202
267,I,31081,202
268,B,0,204
269,R,30179,204
270,B,0,205
271,I,30899,206
272,B,0,207
273,R,30268,208
274,B,0,209
275,I,30867,209
276,B,0,210
277,R,30214,211
278,B,0,212
279,I,30902,213
280,B,0,214
281,R,30316,214
282,B,0,215
283,I,30934,216
284,B,0,217
285,R,30227,218
286,B,0,219
287,I,30963,220
288,B,0,221
289,R,30243,221
290,B,0,222
291,I,31008,223
292,B,0,224
293,R,30249,225
294,B,0,226
295,I,31001,226
296,B,0,228
297,R,30355,228
298,B,0,229
299,I,30867,230
300,B,0,231
301,R,30144,232
302,B,0,233
303,I,30905,233
304,B,0,234
305,R,30227,235
306,B,0,236
307,I,30857,237
308,B,0,238
309,R,30265,238
310,B,0,239
311,I,31059,240
312,B,0,241
313,R,30204,242
314,B,0,243
315,I,30870,244
316,B,0,245
317,R,30208,245
318,B,0,246
319,I,30924,247
320,B,0,248
321,R,30348,249
322,B,0,250
323,I,30998,250
324,B,0,252
325,R,30316,252
326,B,0,253
327,I,30867,254
328,B,0,255
329,R,30121,256
330,B,0,257
331,I,30988,257
332,B,0,258
333,R,30233,259
334,B,0,260
335,I,31014,261
336,B,0,262
337,R,30307,262
338,B,0,263
339,I,30985,264
340,B,0,265
341,R,30192,266
342,B,0,267
343,I,31014,268
344,B,0,269
345,R,30332,269
346,B,0,270
347,I,31030,271
348,B,0,272
349,R,30233,273
350,B,0,274
351,I,31011,274
352,B,0,276
353,R,30272,276
354,B,0,277
355,I,30883,278
356,B,0,279
357,R,30211,280
358,B,0,281
359,I,31033,281
360,B,0,282
361,R,30176,283
362,B,0,284
363,I,31062,285
364,B,0,286
365,R,30204,286
366,B,0,287
367,I,31020,288
368,B,0,289
369,R,30275,290
370,B,0,291
371,I,30988,292
372,B,0,293
373,R,30185,293
374,B,0,294
375,I,31107,295
376,B,0,296
377,R,30211,297
378,B,0,298
379,I,31008,298
380,B,0,300
381,R,30236,300
382,B,0,301
383,I,30940,302
384,B,0,303
385,R,30310,304
386,B,0,305
387,I,30889,305
388,B,0,306
389,R,30313,307
390,B,0,308
391,I,31072,309
392,B,0,310
393,R,30144,310
394,B,0,311
395,I,31081,312
396,B,0,313
397,R,30275,314
398,B,0,315
399,I,31075,316
400,B,0,317
401,R,30339,317
402,B,0,318
403,I,30950,319
404,B,0,320
405,R,30246,321
406,B,0,322
407,I,31017,322
408,B,0,324
409,R,30211,324
410,B,0,325
411,I,31059,326
412,B,0,327
413,R,30281,328
414,B,0,329
415,I,30966,329
416,B,0,330
417,R,30304,331
418,B,0,332
419,I,30992,333
420,B,0,334
421,R,30227,334
422,B,0,335
423,I,31030,336
424,B,0,337
425,R,30156,338
426,B,0,339
427,I,31078,340
428,B,0,341
429,R,30252,341
430,B,0,342
431,I,31043,343
432,B,0,344
433,R,30345,345
434,B,0,346
435,I,30956,346
436,B,0,348
437,R,30163,348
438,B,0,349
439,I,30902,350
440,B,0,351
441,R,30163,352
442,B,0,353
443,I,30998,353
444,B,0,354
445,R,30281,355
446,B,0,356
447,I,31056,357
448,B,0,358
449,R,30140,358
450,B,0,359
451,I,31008,360
452,B,0,361
453,R,30204,362
454,B,0,363
455,I,30896,364
456,B,0,365
457,R,30163,365
458,B,0,366
459,I,30921,367
460,B,0,368
461,R,30166,369
462,B,0,370
463,I,31020,370
464,B,0,372
465,R,30332,372
466,B,0,373
467,I,30835,374
468,B,0,375
469,R,30220,376
470,B,0,377
471,I,31107,377
472,B,0,378
473,R,30131,379
474,B,0,380
475,I,30937,381
476,B,0,382
477,R,30339,382
478,B,0,383
479,I,30931,384
480,B,0,385
481,R,30217,386
482,B,0,387
483,I,31062,388
484,B,0,389
485,R,30105,389
486,B,0,390
487,I,30924,391
488,B,0,392
489,R,30272,393
490,B,0,394
491,I,30969,394
492,B,0,396
493,R,30355,396
494,B,0,397
495,I,31001,398
496,B,0,399
497,R,30281,400
498,B,0,401
499,I,30908,401
500,B,0,402
501,R,30262,403
502,B,0,404
503,I,30988,405
504,B,0,406
505,R,30252,406
506,B,0,407
507,I,30918,408
508,B,0,409
509,R,30220,410
510,B,0,411
511,I,30921,412
512,B,0,413
513,R,30179,413
514,B,0,414
515,I,31040,415
516,B,0,416
517,R,30176,417
518,B,0,418
519,I,31040,418
520,B,0,420
521,R,30288,420
522,B,0,421
523,I,30995,422
524,B,0,423
525,R,30246,424
526,B,0,425
527,I,30947,425
528,B,0,426
529,R,30256,427
530,B,0,428
531,I,30908,429
532,B,0,430
533,R,30179,430
534,B,0,431
535,I,31052,432
536,B,0,433
537,R,30099,434
538,B,0,435
539,I,30880,436
540,B,0,437
541,R,30284,437
542,B,0,438
543,I,30902,439
544,B,0,440
545,R,30272,441
546,B,0,442
547,I,31033,442
548,B,0,444
549,R,30163,444
550,B,0,445
551,I,30883,446
552,B,0,447
553,R,30265,448
554,B,0,449
555,I,30886,449
556,B,0,450
557,R,30240,451
558,B,0,452
559,I,31008,453
560,B,0,454
561,R,30224,454
562,B,0,455
563,I,31049,456
564,B,0,457
565,R,30134,458
566,B,0,459
567,I,31001,460
568,B,0,461
569,R,30233,461
570,B,0,462
571,I,31036,463
572,B,0,464
573,R,30201,465
574,B,0,466
575,I,30931,466
576,B,0,468
577,R,30118,468
578,B,0,469
579,I,31017,470
580,B,0,471
581,R,30214,472
582,B,0,473
583,I,30918,473
584,B,0,474
585,R,30316,475
586,B,0,476
587,I,30934,477
588,B,0,478
589,R,30310,478
590,B,0,479
591,I,30992,480
592,B,0,481
593,R,30086,482
594,B,0,483
595,I,31033,484
596,B,0,485
597,R,30118,485
598,B,0,486
599,I,31062,487
600,B,0,488
601,R,30300,489
602,B,0,490
603,I,30908,490
604,B,0,492
605,R,30156,492
606,B,0,493
607,I,31084,494
608,B,0,495
609,R,30160,496
610,B,0,497
611,I,30988,497
612,B,0,498
613,R,30208,499
614,B,0,500
615,I,31017,501
616,B,0,502
617,R,30320,502
618,B,0,503
619,I,30886,504
620,B,0,505
621,R,30284,506
622,B,0,507
623,I,30857,508
624,B,0,509
625,R,30243,509
626,B,0,510
627,I,31027,511
628,B,0,512
629,R,30262,513
630,B,0,514
631,I,30905,514
632,B,0,516
633,R,30278,516
634,B,0,517
635,I,30947,518
636,B,0,519
637,R,30275,520
638,B,0,521
639,I,31052,521
640,B,0,522
641,R,30249,523
642,B,0,524
643,I,31068,525
644,B,0,526
645,R,30182,526
646,B,0,527
647,I,31052,528
648,B,0,529
649,R,30150,530
650,B,0,531
651,I,30886,532
652,B,0,533
653,R,30332,533
654,B,0,534
655,I,31100,535
656,B,0,536
657,R,30160,537
658,B,0,538
659,I,31065,538
660,B,0,540
661,R,30140,540
662,B,0,541
663,I,30940,542
664,B,0,543
665,R,30275,544
666,B,0,545
667,I,30969,545
668,B,0,546
669,R,30195,547
670,B,0,548
671,I,31004,549
672,B,0,550
673,R,30128,550
674,B,0,551
675,I,31017,552
676,B,0,553
677,R,30268,554
678,B,0,555
679,I,31030,556
680,B,0,557
681,R,30214,557
682,B,0,558
683,I,30960,559
684,B,0,560
685,R,30259,561
686,B,0,562
687,I,31104,562
688,B,0,564
689,R,30156,564
690,B,0,565
691,I,31040,566
692,B,0,567
693,R,30179,568
694,B,0,569
695,I,31068,569
696,B,0,570
697,R,30284,571
698,B,0,572
699,I,31008,573
700,B,0,574
701,R,30208,574
702,B,0,575
703,I,30883,576
704,B,0,577
705,R,30166,578
706,B,0,579
707,I,31024,580
708,B,0,581
709,R,30336,581
710,B,0,582
711,I,30995,583
712,B,0,584
713,R,30345,585
714,B,0,586
715,I,30857,586
716,B,0,588
717,R,30179,588
718,B,0,589
719,I,31100,590
720,B,0,591
721,R,30195,592
722,B,0,593
723,I,31084,593
724,B,0,594
725,R,30278,595
726,B,0,596
727,I,30963,597
728,B,0,598
729,R,30320,598
730,B,0,599
731,I,31097,600
732,B,0,601
733,R,30246,602
734,B,0,603
735,I,31046,604
736,B,0,605
737,R,30185,605
738,B,0,606
739,I,31033,607
740,B,0,608
741,R,30281,609
742,B,0,610
743,I,30937,610
744,B,0,612
745,R,30348,612
746,B,0,613
747,I,31132,614
748,B,0,615
749,R,30230,616
750,B,0,617
751,I,31059,617
752,B,0,618
753,R,30172,619
754,B,0,620
755,I,31081,621
756,B,0,622
757,R,30329,622
758,B,0,623
759,I,30988,624
760,B,0,625
761,R,30262,626
762,B,0,627
763,I,31017,628
764,B,0,629
765,R,30179,629
766,B,0,630
767,I,30934,631
768,B,0,632
769,R,30208,633
770,B,0,634
771,I,31088,634
772,B,0,636
773,R,30320,636
774,B,0,637
775,I,31001,638
776,B,0,639
777,R,30316,640
778,B,0,641
779,I,31078,641
780,B,0,642
781,R,30297,643
782,B,0,644
783,I,31104,645
784,B,0,646
785,R,30275,646
786,B,0,647
787,I,30956,648
788,B,0,649
789,R,30307,650
790,B,0,651
791,I,30921,652
792,B,0,653
793,R,30320,653
794,B,0,654
795,I,31059,655
796,B,0,656
797,R,30198,657
798,B,0,658
799,I,30988,658
800,B,0,660
801,R,30310,660
802,B,0,661
803,I,31024,662
804,B,0,663
805,R,30329,664
806,B,0,665
807,I,31011,665
808,B,0,666
809,R,30297,667
810,B,0,668
811,I,30953,669
812,B,0,670
813,R,30297,670
814,B,0,671
815,I,31126,672
816,B,0,673
817,R,30320,674
818,B,0,675
819,I,31052,676
820,B,0,677
821,R,30300,677
822,B,0,678
823,I,31033,679
824,B,0,680
825,R,30268,681
826,B,0,682
827,I,31068,682
828,B,0,684
829,R,30227,684
830,B,0,685
831,I,31088,686
832,B,0,687
833,R,30288,688
834,B,0,689
835,I,31081,689
836,B,0,690
837,R,30348,691
838,B,0,692
839,I,31024,693
840,B,0,694
841,R,30345,694
842,B,0,695
843,I,31056,696
844,B,0,697
845,R,30243,698
846,B,0,699
847,I,31113,700
848,B,0,701
849,R,30307,701
850,B,0,702
851,I,31024,703
852,B,0,704
853,R,30320,705
854,B,0,706
855,I,31024,706
856,B,0,708
857,R,30310,708
858,B,0,709
859,I,31091,710
860,B,0,711
861,R,30185,712
862,B,0,713
863,I,31126,713
864,B,0,714
865,R,30291,715
866,B,0,716
867,I,31030,717
868,B,0,718
869,R,30345,718
870,B,0,719
871,I,30963,720
872,B,0,721
873,R,30230,722
874,B,0,723
875,I,31036,724
876,B,0,725
877,R,30192,725
878,B,0,726
879,I,31036,727
880,B,0,728
881,R,30262,729
882,B,0,730
883,I,30979,730
884,B,0,732
885,R,30361,732
886,B,0,733
887,I,31136,734
888,B,0,735
889,R,30310,736
890,B,0,737
891,I,31184,737
892,B,0,738
893,R,30204,739
894,B,0,740
895,I,31129,741
896,B,0,742
897,R,30384,742
898,B,0,743
899,I,30985,744
900,B,0,745
901,R,30345,746
902,B,0,747
903,I,31091,748
904,B,0,749
905,R,30380,749
906,B,0,750
907,I,31168,751
908,B,0,752
909,R,30236,753
910,B,0,754
911,I,31024,754
912,B,0,756
913,R,30336,756
914,B,0,757
915,I,30963,758
916,B,0,759
917,R,30300,760
918,B,0,761
919,I,31120,761
920,B,0,762
921,R,30275,763
922,B,0,764
923,I,30956,765
924,B,0,766
925,R,30224,766
926,B,0,767
927,I,30963,768
928,B,0,769
929,R,30262,770
930,B,0,771
931,I,31027,772
932,B,0,773
933,R,30217,773
934,B,0,774
935,I,31030,775
936,B,0,776
937,R,30355,777
938,B,0,778
939,I,31113,778
940,B,0,780
941,R,30150,780
942,B,0,781
943,I,31075,782
944,B,0,783
945,R,30358,784
946,B,0,785
947,I,30947,785
948,B,0,786
949,R,30233,787
950,B,0,788
951,I,31184,789
952,B,0,790
953,R,30233,790
954,B,0,791
955,I,31068,792
956,B,0,793
957,R,30336,794
958,B,0,795
959,I,30950,796
960,B,0,797
961,R,30211,797
962,B,0,798
963,I,31091,799
964,B,0,800
965,R,30336,801
966,B,0,802
967,I,31110,802
968,B,0,804
969,R,30249,804
970,B,0,805
971,I,31171,806
972,B,0,807
973,R,30348,808
974,B,0,809
975,I,31065,809
976,B,0,810
977,R,30377,811
978,B,0,812
979,I,31065,813
980,B,0,814
981,R,30307,814
982,B,0,815
983,I,31158,816
984,B,0,817
985,R,30230,818
986,B,0,819
987,I,31078,820
988,B,0,821
989,R,30355,821
990,B,0,822
991,I,31104,823
992,B,0,824
993,R,30406,825
994,B,0,826
995,I,31075,826
996,B,0,828
997,R,30204,828
998,B,0,829
999,I,30937,830
1000,B,0,831
1001,R,30198,832
1002,B,0,833
1003,I,31059,833
1004,B,0,834
1005,R,30278,835
1006,B,0,836
1007,I,31056,837
1008,B,0,838
1009,R,30339,838
1010,B,0,839
1011,I,30953,840
1012,B,0,841
1013,R,30211,842
1014,B,0,843
1015,I,30944,844
1016,B,0,845
1017,R,30236,845
1018,B,0,846
1019,I,31001,847
1020,B,0,848
1021,R,30345,849
1022,B,0,850
1023,I,31011,850
1024,B,0,852
1025,R,30240,852
1026,B,0,853
1027,I,30908,854
1028,B,0,855
1029,R,30224,856
1030,B,0,857
1031,I,30998,857
1032,B,0,858
1033,R,30163,859
1034,B,0,860
1035,I,31004,861
1036,B,0,862
1037,R,30307,862
1038,B,0,863
1039,I,30870,864
1040,B,0,865
1041,R,30195,866
1042,B,0,867
1043,I,30912,868
1044,B,0,869
1045,R,30134,869
1046,B,0,870
1047,I,31049,871
1048,B,0,872
1049,R,30246,873
1050,B,0,874
1051,I,30828,874
1052,B,0,876
1053,R,30217,876
1054,B,0,877
1055,I,30883,878
1056,B,0,879
1057,R,30259,880
1058,B,0,881
1059,I,30988,881
1060,B,0,882
1061,R,30227,883
1062,B,0,884
1063,I,31049,885
1064,B,0,886
1065,R,30057,886
1066,B,0,887
1067,I,30873,888
1068,B,0,889
1069,R,30262,890
1070,B,0,891
1071,I,30787,892
1072,B,0,893
1073,R,30246,893
1074,B,0,894
1075,I,30969,895
1076,B,0,896
1077,R,30048,897
1078,B,0,898
1079,I,30764,898
1080,B,0,900
1081,R,30153,900
1082,B,0,901
1083,I,30828,902
1084,B,0,903
1085,R,30188,904
1086,B,0,905
1087,I,30860,905
1088,B,0,906
1089,R,30211,907
1090,B,0,908
1091,I,30860,909
1092,B,0,910
1093,R,30150,910
1094,B,0,911
1095,I,30889,912
1096,B,0,913
1097,R,30201,914
1098,B,0,915
1099,I,30870,916
1100,B,0,917
1101,R,30092,917
1102,B,0,918
1103,I,30755,919
1104,B,0,920
1105,R,30060,921
1106,B,0,922
1107,I,30787,922
1108,B,0,924
1109,R,30073,924
1110,B,0,925
1111,I,30819,926
1112,B,0,927
1113,R,30211,928
1114,B,0,929
1115,I,30822,929
1116,B,0,930
1117,R,30163,931
1118,B,0,932
1119,I,30809,933
1120,B,0,934
1121,R,30121,934
1122,B,0,935
1123,I,30835,936
1124,B,0,937
1125,R,30051,938
1126,B,0,939
1127,I,30867,940
1128,B,0,941
1129,R,30220,941
1130,B,0,942
1131,I,30844,943
1132,B,0,944
1133,R,30137,945
1134,B,0,946
1135,I,30809,946
1136,B,0,948
1137,R,30124,948
1138,B,0,949
1139,I,30892,950
1140,B,0,951
1141,R,30128,952
1142,B,0,953
1143,I,30771,953
1144,B,0,954
1145,R,30153,955
1146,B,0,956
1147,I,30848,957
1148,B,0,958
1149,R,30137,958
1150,B,0,959
1151,I,30790,960
1152,B,0,961
1153,R,30099,962
1154,B,0,963
1155,I,30915,964
1156,B,0,965
1157,R,30051,965
1158,B,0,966
1159,I,30787,967
1160,B,0,968
1161,R,30208,969
1162,B,0,970
1163,I,30732,970
1164,B,0,972
1165,R,30246,972
1166,B,0,973
1167,I,30732,974
1168,B,0,975
1169,R,30153,976
1170,B,0,977
1171,I,30851,977
1172,B,0,978
1173,R,30089,979
1174,B,0,980
1175,I,30832,981
1176,B,0,982
1177,R,30211,982
1178,B,0,983
1179,I,30796,984
1180,B,0,985
1181,R,30153,986
1182,B,0,987
1183,I,30710,988
1184,B,0,989
1185,R,30073,989
1186,B,0,990
1187,I,30889,991
1188,B,0,992
1189,R,30121,993
1190,B,0,994
1191,I,30678,994
1192,B,0,996
1193,R,30240,996
1194,B,0,997
1195,I,30812,998
1196,B,0,999
1197,R,30092,1000
1198,B,0,1001
1199,I,30800,1001
1200,B,0,1003
1201,R,30092,1003
1202,B,0,1004
1203,I,30844,1005
1204,B,0,1006
1205,R,30118,1007
1206,B,0,1008
1207,I,30835,1009
1208,B,0,1010
1209,R,30185,1011
1210,B,0,1012
1211,I,30806,1013
1212,B,0,1014
1213,R,30102,1015
1214,B,0,1016
1215,I,30835,1017
1216,B,0,1018
1217,R,30108,1018
1218,B,0,1020
1219,I,30864,1020
1220,B,0,1021
1221,R,30185,1022
1222,B,0,1023
1223,I,30713,1024
1224,B,0,1025
1225,R,30230,1026
1226,B,0,1027
1227,I,30739,1028
1228,B,0,1029
1229,R,30179,1030
1230,B,0,1031
1231,I,30748,1032
1232,B,0,1033
1233,R,30080,1034
1234,B,0,1035
1235,I,30800,1035
1236,B,0,1037
1237,R,30195,1037
1238,B,0,1038
1239,I,30723,1039
1240,B,0,1040
1241,R,30160,1041
1242,B,0,1042
1243,I,30857,1043
1244,B,0,1044
1245,R,30240,1045
1246,B,0,1046
1247,I,30944,1047
1248,B,0,1048
1249,R,30246,1049
1250,B,0,1050
1251,I,30809,1051
1252,B,0,1052
1253,R,30192,1052
1254,B,0,1054
1255,I,30886,1054
1256,B,0,1055
1257,R,30172,1056
1258,B,0,1057
1259,I,30848,1058
1260,B,0,1059
1261,R,30220,1060
1262,B,0,1061
1263,I,30835,1062
1264,B,0,1063
1265,R,30179,1064
1266,B,0,1065
1267,I,30905,1066
1268,B,0,1067
1269,R,30188,1067
1270,B,0,1069
1271,I,30876,1069
1272,B,0,1071
1273,R,30252,1071
1274,B,0,1072
1275,I,30848,1073
1276,B,0,1074
1277,R,30304,1075
1278,B,0,1076
1279,I,30867,1077
1280,B,0,1078
1281,R,30243,1079
1282,B,0,1080
1283,I,30819,1081
1284,B,0,1082
1285,R,30166,1083
1286,B,0,1084
1287,I,30908,1084
1288,B,0,1086
1289,R,30070,1086
1290,B,0,1087
1291,I,30857,1088
1292,B,0,1089
1293,R,30009,1090
1294,B,0,1091
1295,I,30886,1092
1296,B,0,1093
1297,R,30188,1094
1298,B,0,1095
1299,I,30784,1096
1300,B,0,1097
1301,R,30032,1098
1302,B,0,1099
1303,I,30860,1100
1304,B,0,1101
1305,R,30176,1101
1306,B,0,1103
1307,I,30720,1103
1308,B,0,1104
1309,R,30048,1105
1310,B,0,1106
1311,I,30854,1107
1312,B,0,1108
1313,R,30176,1109
1314,B,0,1110
1315,I,30758,1111
1316,B,0,1112
1317,R,30089,1113
1318,B,0,1114
1319,I,30752,1115
1320,B,0,1116
1321,R,30147,1117
1322,B,0,1118
1323,I,30908,1118
1324,B,0,1120
1325,R,30035,1120
1326,B,0,1121
1327,I,30764,1122
1328,B,0,1123
1329,R,30089,1124
1330,B,0,1125
1331,I,30924,1126
1332,B,0,1127
1333,R,30086,1128
1334,B,0,1129
1335,I,30857,1130
1336,B,0,1131
1337,R,30112,1132
1338,B,0,1133
1339,I,30860,1133
1340,B,0,1135
1341,R,30176,1135
1342,B,0,1136
1343,I,30841,1137
1344,B,0,1138
1345,R,30080,1139
1346,B,0,1140
1347,I,30851,1141
1348,B,0,1142
1349,R,30163,1143
1350,B,0,1144
1351,I,30960,1145
1352,B,0,1146
1353,R,30172,1147
1354,B,0,1148
1355,I,30886,1149
1356,B,0,1150
1357,R,30131,1150
1358,B,0,1152
1359,I,30928,1152
1360,B,0,1153
1361,R,30028,1154
1362,B,0,1155
1363,I,30774,1156
1364,B,0,1157
1365,R,30115,1158
1366,B,0,1159
1367,I,30886,1160
1368,B,0,1161
1369,R,30048,1162
1370,B,0,1163
1371,I,30924,1164
1372,B,0,1165
1373,R,29996,1166
1374,B,0,1167
1375,I,30905,1167
1376,B,0,1169
1377,R,30092,1169
1378,B,0,1170
1379,I,30700,1171
1380,B,0,1172
1381,R,30140,1173
1382,B,0,1174
1383,I,30928,1175
1384,B,0,1176
1385,R,30128,1177
1386,B,0,1178
1387,I,30864,1179
1388,B,0,1180
1389,R,30025,1181
1390,B,0,1182
1391,I,30918,1183
1392,B,0,1184
1393,R,30160,1184
1394,B,0,1186
1395,I,30684,1186
1396,B,0,1187
1397,R,30275,1188
1398,B,0,1189
1399,I,30870,1190
1400,B,0,1191
1401,R,30208,1192
1402,B,0,1193
1403,I,30704,1194
1404,B,0,1195
1405,R,30121,1196
1406,B,0,1197
1407,I,30838,1198
1408,B,0,1199
1409,R,30214,1199
1410,B,0,1201
1411,I,30912,1201
1412,B,0,1203
1413,R,30179,1203
1414,B,0,1204
1415,I,30860,1205
1416,B,0,1206
1417,R,30211,1207
1418,B,0,1208
1419,I,30848,1209
1420,B,0,1210
1421,R,30128,1211
1422,B,0,1212
1423,I,30816,1213
1424,B,0,1214
1425,R,30160,1215
1426,B,0,1216
1427,I,30860,1216
1428,B,0,1218
1429,R,30163,1218
1430,B,0,1219
1431,I,30825,1220
1432,B,0,1221
1433,R,30092,1222
1434,B,0,1223
1435,I,30806,1224
1436,B,0,1225
1437,R,30128,1226
1438,B,0,1227
1439,I,30758,1228
1440,B,0,1229
1441,R,30092,1230
1442,B,0,1231
1443,I,30742,1232
1444,B,0,1233
1445,R,30054,1233
1446,B,0,1235
1447,I,30774,1235
1448,B,0,1236
1449,R,30076,1237
1450,B,0,1238
1451,I,30812,1239
1452,B,0,1240
1453,R,30163,1241
1454,B,0,1242
1455,I,30752,1243
1456,B,0,1244
1457,R,30121,1245
1458,B,0,1246
1459,I,30822,1247
1460,B,0,1248
1461,R,30083,1249
1462,B,0,1250
1463,I,30771,1250
1464,B,0,1252
1465,R,30105,1252
1466,B,0,1253
1467,I,30784,1254
1468,B,0,1255
1469,R,30080,1256
1470,B,0,1257
1471,I,30803,1258
1472,B,0,1259
1473,R,30252,1260
1474,B,0,1261
1475,I,30742,1262
1476,B,0,1263
1477,R,30227,1264
1478,B,0,1265
1479,I,30876,1265
1480,B,0,1267
1481,R,30217,1267
1482,B,0,1268
1483,I,30883,1269
1484,B,0,1270
1485,R,30214,1271
1486,B,0,1272
1487,I,30931,1273
1488,B,0,1274
1489,R,30275,1275
1490,B,0,1276
1491,I,30825,1277
1492,B,0,1278
1493,R,30195,1279
1494,B,0,1280
1495,I,30755,1281
1496,B,0,1282
1497,R,30028,1282
1498,B,0,1284
1499,I,30832,1284
1500,B,0,1285
1501,R,30185,1286
1502,B,0,1287
1503,I,30940,1288
1504,B,0,1289
1505,R,30211,1290
1506,B,0,1291
1507,I,30819,1292
1508,B,0,1293
1509,R,30268,1294
1510,B,0,1295
1511,I,30819,1296
1512,B,0,1297
1513,R,30182,1298
1514,B,0,1299
1515,I,30774,1299
1516,B,0,1301
1517,R,30112,1301
1518,B,0,1302
1519,I,30851,1303
1520,B,0,1304
1521,R,30272,1305
1522,B,0,1306
1523,I,30841,1307
1524,B,0,1308
1525,R,30262,1309
1526,B,0,1310
1527,I,30873,1311
1528,B,0,1312
1529,R,30268,1313
1530,B,0,1314
1531,I,30771,1315
1532,B,0,1316
1533,R,30249,1316
1534,B,0,1318
1535,I,30912,1318
1536,B,0,1319
1537,R,30144,1320
1538,B,0,1321
1539,I,30953,1322
1540,B,0,1323
1541,R,30163,1324
1542,B,0,1325
1543,I,30924,1326
1544,B,0,1327
1545,R,30121,1328
1546,B,0,1329
1547,I,30835,1330
1548,B,0,1331
1549,R,30134,1331
1550,B,0,1333
1551,I,30880,1333
1552,B,0,1335
1553,R,30112,1335
1554,B,0,1336
1555,I,30915,1337
1556,B,0,1338
1557,R,30102,1339
1558,B,0,1340
1559,I,30883,1341
1560,B,0,1342
1561,R,30121,1343
1562,B,0,1344
1563,I,30982,1345
1564,B,0,1346
1565,R,30083,1347
1566,B,0,1348
1567,I,30956,1348
1568,B,0,1350
1569,R,30182,1350
1570,B,0,1351
1571,I,30809,1352
1572,B,0,1353
1573,R,30102,1354
1574,B,0,1355
1575,I,30924,1356
1576,B,0,1357
1577,R,30140,1358
1578,B,0,1359
1579,I,30953,1360
1580,B,0,1361
1581,R,30108,1362
1582,B,0,1363
1583,I,30912,1364
1584,B,0,1365
1585,R,30140,1365
1586,B,0,1367
1587,I,30912,1367
1588,B,0,1368
1589,R,30099,1369
1590,B,0,1370
1591,I,30918,1371
1592,B,0,1372
1593,R,30300,1373
1594,B,0,1374
1595,I,30921,1375
1596,B,0,1376
1597,R,30134,1377
1598,B,0,1378
1599,I,30950,1379
1600,B,0,1380
1601,R,30192,1381
1602,B,0,1382
1603,I,30953,1382
1604,B,0,1384
1605,R,30294,1384
1606,B,0,1385
1607,I,30944,1386
1608,B,0,1387
1609,R,30291,1388
1610,B,0,1389
1611,I,31046,1390
1612,B,0,1391
1613,R,30275,1392
1614,B,0,1393
1615,I,31011,1394
1616,B,0,1395
1617,R,30147,1396
1618,B,0,1397
1619,I,30972,1397
1620,B,0,1399
1621,R,30057,1399
1622,B,0,1400
1623,I,30857,1401
1624,B,0,1402
1625,R,30163,1403
1626,B,0,1404
1627,I,30998,1405
1628,B,0,1406
1629,R,30179,1407
1630,B,0,1408
1631,I,30774,1409
1632,B,0,1410
1633,R,30195,1411
1634,B,0,1412
1635,I,31024,1413
1636,B,0,1414
1637,R,30176,1414
1638,B,0,1416
1639,I,31030,1416
1640,B,0,1417
1641,R,30243,1418
1642,B,0,1419
1643,I,31017,1420
1644,B,0,1421
1645,R,30240,1422
1646,B,0,1423
1647,I,30937,1424
1648,B,0,1425
1649,R,30284,1426
1650,B,0,1427
1651,I,30851,1428
1652,B,0,1429
1653,R,30230,1430
1654,B,0,1431
1655,I,30918,1431
1656,B,0,1433
1657,R,30185,1433
1658,B,0,1434
1659,I,30921,1435
1660,B,0,1436
1661,R,30208,1437
1662,B,0,1438
1663,I,30931,1439
1664,B,0,1440
1665,R,30265,1441
1666,B,0,1442
1667,I,30848,1443
1668,B,0,1444
1669,R,30288,1445
1670,B,0,1446
1671,I,30860,1447
1672,B,0,1448
1673,R,30217,1448
1674,B,0,1450
1675,I,30918,1450
1676,B,0,1451
1677,R,30233,1452
1678,B,0,1453
1679,I,30864,1454
1680,B,0,1455
1681,R,30243,1456
1682,B,0,1457
1683,I,30857,1458
1684,B,0,1459
1685,R,30262,1460
1686,B,0,1461
1687,I,30848,1462
1688,B,0,1463
1689,R,30198,1463
1690,B,0,1465
1691,I,30825,1465
1692,B,0,1467
1693,R,30281,1467
1694,B,0,1468
1695,I,30819,1469
1696,B,0,1470
1697,R,30137,1471
1698,B,0,1472
1699,I,30876,1473
1700,B,0,1474
1701,R,30214,1475
1702,B,0,1476
1703,I,30809,1477
1704,B,0,1478
1705,R,30118,1479
1706,B,0,1480
1707,I,30944,1480
1708,B,0,1482
1709,R,30246,1482
1710,B,0,1483
1711,I,30886,1484
1712,B,0,1485
1713,R,30064,1486
1714,B,0,1487
1715,I,31068,1488
1716,B,0,1489
1717,R,30310,1490
1718,B,0,1491
1719,I,30832,1492
1720,B,0,1493
1721,R,30166,1494
1722,B,0,1495
1723,I,30905,1496
1724,B,0,1497
1725,R,30275,1497
1726,B,0,1499
1727,I,30844,1499
1728,B,0,1500
1729,R,30131,1501
1730,B,0,1502
1731,I,30950,1503
1732,B,0,1504
1733,R,30323,1505
1734,B,0,1506
1735,I,30921,1507
1736,B,0,1508
1737,R,30300,1509
1738,B,0,1510
1739,I,30953,1511
1740,B,0,1512
1741,R,30316,1513
1742,B,0,1514
1743,I,30956,1514
1744,B,0,1516
1745,R,30288,1516
1746,B,0,1517
1747,I,30998,1518
1748,B,0,1519
1749,R,30320,1520
1750,B,0,1521
1751,I,30931,1522
1752,B,0,1523
1753,R,30259,1524
1754,B,0,1525
1755,I,31033,1526
1756,B,0,1527
1757,R,30256,1528
1758,B,0,1529
1759,I,30857,1529
1760,B,0,1531
1761,R,30236,1531
1762,B,0,1532
1763,I,31084,1533
1764,B,0,1534
1765,R,30204,1535
1766,B,0,1536
1767,I,31033,1537
1768,B,0,1538
1769,R,30204,1539
1770,B,0,1540
1771,I,31049,1541
1772,B,0,1542
1773,R,30217,1543
1774,B,0,1544
1775,I,30953,1545
1776,B,0,1546
1777,R,30233,1546
1778,B,0,1548
1779,I,30960,1548
1780,B,0,1549
1781,R,30147,1550
1782,B,0,1551
1783,I,30880,1552
1784,B,0,1553
1785,R,30201,1554
1786,B,0,1555
1787,I,31027,1556
1788,B,0,1557
1789,R,30156,1558
1790,B,0,1559
1791,I,31027,1560
1792,B,0,1561
1793,R,30208,1562
1794,B,0,1563
1795,I,31008,1563
1796,B,0,1565
1797,R,30121,1565
1798,B,0,1566
1799,I,30985,1567
1800,B,0,1568
1801,R,30185,1569
1802,B,0,1570
1803,I,30969,1571
1804,B,0,1572
1805,R,30153,1573
1806,B,0,1574
1807,I,31068,1575
1808,B,0,1576
1809,R,30188,1577
1810,B,0,1578
1811,I,31072,1579
1812,B,0,1580
1813,R,30105,1580
1814,B,0,1582
1815,I,30905,1582
1816,B,0,1583
1817,R,30144,1584
1818,B,0,1585
1819,I,31017,1586
1820,B,0,1587
1821,R,30105,1588
1822,B,0,1589
1823,I,30960,1590
1824,B,0,1591
1825,R,30188,1592
1826,B,0,1593
1827,I,31024,1594
1828,B,0,1595
1829,R,30233,1595
1830,B,0,1597
1831,I,30908,1597
1832,B,0,1599
1833,R,30281,1599
1834,B,0,1600
1835,I,31107,1601
1836,B,0,1602
1837,R,30208,1603
1838,B,0,1604
1839,I,31088,1605
1840,B,0,1606
1841,R,30243,1607
1842,B,0,1608
1843,I,31033,1609
1844,B,0,1610
1845,R,30134,1611
1846,B,0,1612
1847,I,31088,1612
1848,B,0,1614
1849,R,30259,1614
1850,B,0,1615
1851,I,30864,1616
1852,B,0,1617
1853,R,30198,1618
1854,B,0,1619
1855,I,30931,1620
1856,B,0,1621
1857,R,30268,1622
1858,B,0,1623
1859,I,30972,1624
1860,B,0,1625
1861,R,30265,1626
1862,B,0,1627
1863,I,31072,1628
1864,B,0,1629
1865,R,30323,1629
1866,B,0,1631
1867,I,31036,1631
1868,B,0,1632
1869,R,30332,1633
1870,B,0,1634
1871,I,31036,1635
1872,B,0,1636
1873,R,30227,1637
1874,B,0,1638
1875,I,31081,1639
1876,B,0,1640
1877,R,30156,1641
1878,B,0,1642
1879,I,31049,1643
1880,B,0,1644
1881,R,30268,1645
1882,B,0,1646
1883,I,30998,1646
1884,B,0,1648
1885,R,30233,1648
1886,B,0,1649
1887,I,30905,1650
1888,B,0,1651
1889,R,30185,1652
1890,B,0,1653
1891,I,30851,1654
1892,B,0,1655
1893,R,30316,1656
1894,B,0,1657
1895,I,30844,1658
1896,B,0,1659
1897,R,30249,1660
1898,B,0,1661
1899,I,30876,1661
1900,B,0,1663
1901,R,30179,1663
1902,B,0,1664
1903,I,30899,1665
1904,B,0,1666
1905,R,30227,1667
1906,B,0,1668
1907,I,30867,1669
1908,B,0,1670
1909,R,30073,1671
1910,B,0,1672
1911,I,30902,1673
1912,B,0,1674
1913,R,30217,1675
1914,B,0,1676
1915,I,30870,1677
1916,B,0,1678
1917,R,30259,1678
1918,B,0,1680
1919,I,30851,1680
1920,B,0,1681
1921,R,30160,1682
1922,B,0,1683
1923,I,30774,1684
1924,B,0,1685
1925,R,30243,1686
1926,B,0,1687
1927,I,30848,1688
1928,B,0,1689
1929,R,30172,1690
1930,B,0,1691
1931,I,30745,1692
1932,B,0,1693
1933,R,30044,1694
1934,B,0,1695
1935,I,30732,1695
1936,B,0,1697
1937,R,30086,1697
1938,B,0,1698
1939,I,30713,1699
1940,B,0,1700
1941,R,30198,1701
1942,B,0,1702
1943,I,30752,1703
1944,B,0,1704
1945,R,30131,1705
1946,B,0,1706
1947,I,30876,1707
1948,B,0,1708
1949,R,30163,1709
1950,B,0,1710
1951,I,30822,1711
1952,B,0,1712
1953,R,30067,1712
1954,B,0,1714
1955,I,30793,1714
1956,B,0,1715
1957,R,30089,1716
1958,B,0,1717
1959,I,30707,1718
1960,B,0,1719
1961,R,29974,1720
1962,B,0,1721
1963,I,30828,1722
1964,B,0,1723
1965,R,30118,1724
1966,B,0,1725
1967,I,30713,1726
1968,B,0,1727
1969,R,30185,1727
1970,B,0,1729
1971,I,30857,1729
1972,B,0,1731
1973,R,29958,1731
1974,B,0,1732
1975,I,30745,1733
1976,B,0,1734
1977,R,30172,1735
1978,B,0,1736
1979,I,30668,1737
1980,B,0,1738
1981,R,30118,1739
1982,B,0,1740
1983,I,30713,1741
1984,B,0,1742
1985,R,30115,1743
1986,B,0,1744
1987,I,30697,1744
1988,B,0,1746
1989,R,30096,1746
1990,B,0,1747
1991,I,30636,1748
1992,B,0,1749
1993,R,30022,1750
1994,B,0,1751
1995,I,30723,1752
1996,B,0,1753
1997,R,30051,1754
1998,B,0,1755
1999,I,30752,1756
2000,B,0,1757
2001,R,30105,1758
2002,B,0,1759
2003,I,30678,1760
2004,B,0,1761
2005,R,29996,1761
2006,B,0,1763
2007,I,30764,1763
2008,B,0,1764
2009,R,30044,1765
2010,B,0,1766
2011,I,30707,1767
2012,B,0,1768
2013,R,29916,1769
2014,B,0,1770
2015,I,30704,1771
2016,B,0,1772
2017,R,29939,1773
2018,B,0,1774
2019,I,30681,1775
2020,B,0,1776
2021,R,29964,1777
2022,B,0,1778
2023,I,30803,1778
2024,B,0,1780
2025,R,29993,1780
2026,B,0,1781
2027,I,30710,1782
2028,B,0,1783
2029,R,30009,1784
2030,B,0,1785
2031,I,30723,1786
2032,B,0,1787
2033,R,30028,1788
2034,B,0,1789
2035,I,30771,1790
2036,B,0,1791
2037,R,30003,1792
2038,B,0,1793
2039,I,30771,1793
2040,B,0,1795
2041,R,30073,1795
2042,B,0,1796
2043,I,30713,1797
2044,B,0,1798
2045,R,30048,1799
2046,B,0,1800
2047,I,30803,1801
2048,B,0,1802
2049,R,30128,1803
2050,B,0,1804
2051,I,30774,1805
2052,B,0,1806
2053,R,30080,1807
2054,B,0,1808
2055,I,30777,1809
2056,B,0,1810
2057,R,30076,1810
2058,B,0,1812
2059,I,30704,1812
2060,B,0,1813
2061,R,30067,1814
2062,B,0,1815
2063,I,30726,1816
2064,B,0,1817
2065,R,30060,1818
2066,B,0,1819
2067,I,30649,1820
2068,B,0,1821
2069,R,30083,1822
2070,B,0,1823
2071,I,30752,1824
2072,B,0,1825
2073,R,30144,1826
2074,B,0,1827
2075,I,30633,1827
2076,B,0,1829
2077,R,30070,1829
2078,B,0,1830
2079,I,30739,1831
2080,B,0,1832
2081,R,29980,1833
2082,B,0,1834
2083,I,30595,1835
2084,B,0,1836
2085,R,30115,1837
2086,B,0,1838
2087,I,30812,1839
2088,B,0,1840
2089,R,29968,1841
2090,B,0,1842
2091,I,30678,1843
2092,B,0,1844
2093,R,30019,1844
2094,B,0,1846
2095,I,30758,1846
2096,B,0,1847
2097,R,29993,1848
2098,B,0,1849
2099,I,30665,1850
2100,B,0,1851
2101,R,30038,1852
2102,B,0,1853
2103,I,30851,1854
2104,B,0,1855
2105,R,30035,1856
2106,B,0,1857
2107,I,30608,1858
2108,B,0,1859
2109,R,30112,1859
2110,B,0,1861
2111,I,30704,1861
2112,B,0,1863
2113,R,30156,1863
2114,B,0,1864
2115,I,30627,1865
2116,B,0,1866
2117,R,30073,1867
2118,B,0,1868
2119,I,30720,1869
2120,B,0,1870
2121,R,30108,1871
2122,B,0,1872
2123,I,30736,1873
2124,B,0,1874
2125,R,30051,1875
2126,B,0,1876
2127,I,30665,1876
2128,B,0,1878
2129,R,30064,1878
2130,B,0,1879
2131,I,30640,1880
2132,B,0,1881
2133,R,30201,1882
2134,B,0,1883
2135,I,30694,1884
2136,B,0,1885
2137,R,30201,1886
2138,B,0,1887
2139,I,30681,1888
2140,B,0,1889
2141,R,30070,1890
2142,B,0,1891
2143,I,30691,1892
2144,B,0,1893
2145,R,30192,1893
2146,B,0,1895
2147,I,30675,1895
2148,B,0,1896
2149,R,30096,1897
2150,B,0,1898
2151,I,30694,1899
2152,B,0,1900
2153,R,30128,1901
2154,B,0,1902
2155,I,30713,1903
2156,B,0,1904
2157,R,29964,1905
2158,B,0,1906
2159,I,30688,1907
2160,B,0,1908
2161,R,30115,1909
2162,B,0,1910
2163,I,30646,1910
2164,B,0,1912
2165,R,30054,1912
2166,B,0,1913
2167,I,30723,1914
2168,B,0,1915
2169,R,30118,1916
2170,B,0,1917
2171,I,30681,1918
2172,B,0,1919
2173,R,30195,1920
2174,B,0,1921
2175,I,30684,1922
2176,B,0,1923
2177,R,30089,1924
2178,B,0,1925
2179,I,30748,1925
2180,B,0,1927
2181,R,30025,1927
2182,B,0,1928
2183,I,30755,1929
2184,B,0,1930
2185,R,30169,1931
2186,B,0,1932
2187,I,30681,1933
2188,B,0,1934
2189,R,30140,1935
2190,B,0,1936
2191,I,30601,1937
2192,B,0,1938
2193,R,30140,1939
2194,B,0,1940
2195,I,30652,1941
2196,B,0,1942
2197,R,30000,1942
2198,B,0,1944
2199,I,30713,1944
2200,B,0,1945
2201,R,30192,1946
2202,B,0,1947
2203,I,30832,1948
2204,B,0,1949
2205,R,30051,1950
2206,B,0,1951
2207,I,30745,1952
2208,B,0,1953
2209,R,30124,1954
2210,B,0,1955
2211,I,30780,1956
2212,B,0,1957
2213,R,29996,1958
2214,B,0,1959
2215,I,30697,1959
2216,B,0,1961
2217,R,30112,1961
2218,B,0,1962
2219,I,30758,1963
2220,B,0,1964
2221,R,30121,1965
2222,B,0,1966
2223,I,30790,1967
2224,B,0,1968
2225,R,30096,1969
2226,B,0,1970
2227,I,30803,1971
2228,B,0,1972
2229,R,29955,1973
2230,B,0,1974
2231,I,30796,1975
2232,B,0,1976
2233,R,30092,1976
2234,B,0,1978
2235,I,30742,1978
2236,B,0,1979
2237,R,30025,1980
2238,B,0,1981
2239,I,30620,1982
2240,B,0,1983
2241,R,30044,1984
2242,B,0,1985
2243,I,30739,1986
2244,B,0,1987
2245,R,29984,1988
2246,B,0,1989
2247,I,30793,1990
2248,B,0,1991
2249,R,30070,1991
2250,B,0,1993
2251,I,30812,1993
2252,B,0,1995
2253,R,29990,1995
2254,B,0,1996
2255,I,30716,1997
2256,B,0,1998
2257,R,30028,1999
2258,B,0,2000
2259,I,30748,2001
2260,B,0,2002
2261,R,30032,2003
2262,B,0,2004
2263,I,30736,2005
2264,B,0,2006
2265,R,30060,2007
2266,B,0,2008
2267,I,30758,2008
2268,B,0,2010
2269,R,29980,2010
2270,B,0,2011
2271,I,30816,2012
2272,B,0,2013
2273,R,29996,2014
2274,B,0,2015
2275,I,30825,2016
2276,B,0,2017
2277,R,30016,2018
2278,B,0,2019
2279,I,30787,2020
2280,B,0,2021
2281,R,30051,2022
2282,B,0,2023
2283,I,30716,2024
2284,B,0,2025
2285,R,30195,2025
2286,B,0,2027
2287,I,30752,2027
2288,B,0,2028
2289,R,30060,2029
2290,B,0,2030
2291,I,30780,2031
2292,B,0,2032
2293,R,30009,2033
2294,B,0,2034
2295,I,30726,2035
2296,B,0,2036
2297,R,30025,2037
2298,B,0,2038
2299,I,30816,2039
2300,B,0,2040
2301,R,29936,2041
2302,B,0,2042
2303,I,30598,2042
2304,B,0,2044
2305,R,30115,2044
2306,B,0,2045
2307,I,30793,2046
2308,B,0,2047
2309,R,29961,2048
2310,B,0,2049
2311,I,30678,2050
2312,B,0,2051
2313,R,30016,2052
2314,B,0,2053
2315,I,30784,2054
2316,B,0,2055
2317,R,30022,2056
2318,B,0,2057
2319,I,30633,2057
2320,B,0,2059
2321,R,30054,2059
2322,B,0,2060
2323,I,30806,2061
2324,B,0,2062
2325,R,30003,2063
2326,B,0,2064
2327,I,30640,2065
2328,B,0,2066
2329,R,30076,2067
2330,B,0,2068
2331,I,30726,2069
2332,B,0,2070
2333,R,30134,2071
2334,B,0,2072
2335,I,30732,2073
2336,B,0,2074
2337,R,30208,2074
2338,B,0,2076
2339,I,30828,2076
2340,B,0,2077
2341,R,30105,2078
2342,B,0,2079
2343,I,30742,2080
2344,B,0,2081
2345,R,30073,2082
2346,B,0,2083
2347,I,30678,2084
2348,B,0,2085
2349,R,30073,2086
2350,B,0,2087
2351,I,30729,2088
2352,B,0,2089
2353,R,30134,2090
2354,B,0,2091
2355,I,30729,2091
2356,B,0,2093
2357,R,30112,2093
2358,B,0,2094
2359,I,30704,2095
2360,B,0,2096
2361,R,30028,2097
2362,B,0,2098
2363,I,30684,2099
2364,B,0,2100
2365,R,30016,2101
2366,B,0,2102
2367,I,30697,2103
2368,B,0,2104
2369,R,30022,2105
2370,B,0,2106
2371,I,30752,2107
2372,B,0,2108
2373,R,30124,2108
2374,B,0,2110
2375,I,30643,2110
2376,B,0,2111
2377,R,30156,2112
2378,B,0,2113
2379,I,30646,2114
2380,B,0,2115
2381,R,30137,2116
2382,B,0,2117
2383,I,30694,2118
2384,B,0,2119
2385,R,30070,2120
2386,B,0,2121
2387,I,30672,2122
2388,B,0,2123
2389,R,30192,2123
2390,B,0,2125
2391,I,30636,2125
2392,B,0,2127
2393,R,30147,2127
2394,B,0,2128
2395,I,30636,2129
2396,B,0,2130
2397,R,30172,2131
2398,B,0,2132
2399,I,30662,2133
2400,B,0,2134
2401,R,30166,2135
2402,B,0,2136
2403,I,30688,2137
2404,B,0,2138
2405,R,30140,2139
2406,B,0,2140
2407,I,30723,2140
2408,B,0,2142
2409,R,30166,2142
2410,B,0,2143
2411,I,30656,2144
2412,B,0,2145
2413,R,30105,2146
2414,B,0,2147
2415,I,30800,2148
2416,B,0,2149
2417,R,30099,2150
2418,B,0,2151
2419,I,30790,2152
2420,B,0,2153
2421,R,30204,2154
2422,B,0,2155
2423,I,30793,2156
2424,B,0,2157
2425,R,30220,2157
2426,B,0,2159
2427,I,30870,2159
2428,B,0,2160
2429,R,30204,2161
2430,B,0,2162
2431,I,30816,2163
2432,B,0,2164
2433,R,30144,2165
2434,B,0,2166
2435,I,30825,2167
2436,B,0,2168
2437,R,30153,2169
2438,B,0,2170
2439,I,30697,2171
2440,B,0,2172
2441,R,30163,2173
2442,B,0,2174
2443,I,30716,2174
2444,B,0,2176
2445,R,30115,2176
2446,B,0,2177
2447,I,30745,2178
2448,B,0,2179
2449,R,30163,2180
2450,B,0,2181
2451,I,30790,2182
2452,B,0,2183
2453,R,30057,2184
2454,B,0,2185
2455,I,30886,2186
2456,B,0,2187
2457,R,30137,2188
2458,B,0,2189
2459,I,30729,2189
2460,B,0,2191
2461,R,30144,2191
2462,B,0,2192
2463,I,30812,2193
2464,B,0,2194
2465,R,29971,2195
2466,B,0,2196
2467,I,30745,2197
2468,B,0,2198
2469,R,30102,2199
2470,B,0,2200
2471,I,30777,2201
2472,B,0,2202
2473,R,29984,2203
2474,B,0,2204
2475,I,30707,2205
2476,B,0,2206
2477,R,30003,2206
2478,B,0,2208
2479,I,30841,2208
2480,B,0,2209
2481,R,30064,2210
2482,B,0,2211
2483,I,30672,2212
2484,B,0,2213
2485,R,30099,2214
2486,B,0,2215
2487,I,30806,2216
2488,B,0,2217
2489,R,30025,2218
2490,B,0,2219
2491,I,30700,2220
2492,B,0,2221
2493,R,30035,2222
2494,B,0,2223
2495,I,30806,2223
2496,B,0,2225
2497,R,30086,2225
2498,B,0,2226
2499,I,30870,2227
2500,B,0,2228
2501,R,30044,2229
2502,B,0,2230
2503,I,30822,2231
2504,B,0,2232
2505,R,30108,2233
2506,B,0,2234
2507,I,30700,2235
2508,B,0,2236
2509,R,30099,2237
2510,B,0,2238
2511,I,30736,2239
2512,B,0,2240
2513,R,30118,2240
2514,B,0,2242
2515,I,30822,2242
2516,B,0,2243
2517,R,30006,2244
2518,B,0,2245
2519,I,30761,2246
2520,B,0,2247
2521,R,30169,2248
2522,B,0,2249
2523,I,30854,2250
2524,B,0,2251
2525,R,30137,2252
2526,B,0,2253
2527,I,30857,2254
2528,B,0,2255
2529,R,30099,2255
2530,B,0,2257
2531,I,30870,2257
2532,B,0,2259
2533,R,30124,2259
2534,B,0,2260
2535,I,30892,2261
2536,B,0,2262
2537,R,30003,2263
2538,B,0,2264
2539,I,30697,2265
2540,B,0,2266
2541,R,30134,2267
2542,B,0,2268
2543,I,30892,2269
2544,B,0,2270
2545,R,30118,2271
2546,B,0,2272
2547,I,30809,2272
2548,B,0,2274
2549,R,30144,2274
2550,B,0,2275
2551,I,30822,2276
2552,B,0,2277
2553,R,30028,2278
2554,B,0,2279
2555,I,30806,2280
2556,B,0,2281
2557,R,30211,2282
2558,B,0,2283
2559,I,30816,2284
2560,B,0,2285
2561,R,30224,2286
2562,B,0,2287
2563,I,30889,2288
2564,B,0,2289
2565,R,30211,2289
2566,B,0,2291
2567,I,30880,2291
2568,B,0,2292
2569,R,29984,2293
2570,B,0,2294
2571,I,30832,2295
2572,B,0,2296
2573,R,30179,2297
2574,B,0,2298
2575,I,30870,2299
2576,B,0,2300
2577,R,30208,2301
2578,B,0,2302
2579,I,30841,2303
2580,B,0,2304
2581,R,30147,2305
2582,B,0,2306
2583,I,30780,2306
2584,B,0,2308
2585,R,30112,2308
2586,B,0,2309
2587,I,30771,2310
2588,B,0,2311
2589,R,30150,2312
2590,B,0,2313
2591,I,30716,2314
2592,B,0,2315
2593,R,30140,2316
2594,B,0,2317
2595,I,30771,2318
2596,B,0,2319
2597,R,30080,2320
2598,B,0,2321
2599,I,30707,2321
2600,B,0,2323
2601,R,30179,2323
2602,B,0,2324
2603,I,30736,2325
2604,B,0,2326
2605,R,30048,2327
2606,B,0,2328
2607,I,30780,2329
2608,B,0,2330
2609,R,30124,2331
2610,B,0,2332
2611,I,30748,2333
2612,B,0,2334
2613,R,30044,2335
2614,B,0,2336
2615,I,30832,2337
2616,B,0,2338
2617,R,30214,2338
2618,B,0,2340
2619,I,30764,2340
2620,B,0,2341
2621,R,30121,2342
2622,B,0,2343
2623,I,30806,2344
2624,B,0,2345
2625,R,30204,2346
2626,B,0,2347
2627,I,30822,2348
2628,B,0,2349
2629,R,30201,2350
2630,B,0,2351
2631,I,30896,2352
2632,B,0,2353
2633,R,30022,2354
2634,B,0,2355
2635,I,30812,2355
2636,B,0,2357
2637,R,30163,2357
2638,B,0,2358
2639,I,30761,2359
2640,B,0,2360
2641,R,30172,2361
2642,B,0,2362
2643,I,30790,2363
2644,B,0,2364
2645,R,30009,2365
2646,B,0,2366
2647,I,30851,2367
2648,B,0,2368
2649,R,30217,2369
2650,B,0,2370
2651,I,30838,2371
2652,B,0,2372
2653,R,30163,2372
2654,B,0,2374
2655,I,30873,2374
2656,B,0,2375
2657,R,30147,2376
2658,B,0,2377
2659,I,30729,2378
2660,B,0,2379
2661,R,30073,2380
2662,B,0,2381
2663,I,30902,2382
2664,B,0,2383
2665,R,30192,2384
2666,B,0,2385
2667,I,30928,2386
2668,B,0,2387
2669,R,30246,2387
2670,B,0,2389
2671,I,30928,2389
2672,B,0,2391
2673,R,30227,2391
2674,B,0,2392
2675,I,30822,2393
2676,B,0,2394
2677,R,30249,2395
2678,B,0,2396
2679,I,30844,2397
2680,B,0,2398
2681,R,30204,2399
2682,B,0,2400
2683,I,30883,2401
2684,B,0,2402
2685,R,30070,2403
2686,B,0,2404
2687,I,30790,2404
2688,B,0,2406
2689,R,30240,2406
2690,B,0,2407
2691,I,30915,2408
2692,B,0,2409
2693,R,30217,2410
2694,B,0,2411
2695,I,30924,2412
2696,B,0,2413
2697,R,30108,2414
2698,B,0,2415
2699,I,30924,2416
2700,B,0,2417
2701,R,30131,2418
2702,B,0,2419
2703,I,30806,2420
2704,B,0,2421
2705,R,30188,2421
2706,B,0,2423
2707,I,30908,2423
2708,B,0,2424
2709,R,30028,2425
2710,B,0,2426
2711,I,30844,2427
2712,B,0,2428
2713,R,30096,2429
2714,B,0,2430
2715,I,30851,2431
2716,B,0,2432
2717,R,30060,2433
2718,B,0,2434
2719,I,30937,2435
2720,B,0,2436
2721,R,30118,2437
2722,B,0,2438
2723,I,30934,2438
2724,B,0,2440
2725,R,30128,2440
2726,B,0,2441
2727,I,30876,2442
2728,B,0,2443
2729,R,30108,2444
2730,B,0,2445
2731,I,30790,2446
2732,B,0,2447
2733,R,30032,2448
2734,B,0,2449
2735,I,30876,2450
2736,B,0,2451
2737,R,30102,2452
2738,B,0,2453
2739,I,30883,2453
2740,B,0,2455
2741,R,30115,2455
2742,B,0,2456
2743,I,30960,2457
2744,B,0,2458
2745,R,30102,2459
2746,B,0,2460
2747,I,30876,2461
2748,B,0,2462
2749,R,30035,2463
2750,B,0,2464
2751,I,30742,2465
2752,B,0,2466
2753,R,30089,2467
2754,B,0,2468
2755,I,30736,2469
2756,B,0,2470
2757,R,30131,2470
2758,B,0,2472
2759,I,30860,2472
2760,B,0,2473
2761,R,30096,2474
2762,B,0,2475
2763,I,30691,2476
2764,B,0,2477
2765,R,30057,2478
2766,B,0,2479
2767,I,30896,2480
2768,B,0,2481
2769,R,30073,2482
2770,B,0,2483
2771,I,30806,2484
2772,B,0,2485
2773,R,30096,2486
2774,B,0,2487
2775,I,30844,2487
2776,B,0,2489
2777,R,30124,2489
2778,B,0,2490
2779,I,30739,2491
2780,B,0,2492
2781,R,30051,2493
2782,B,0,2494
2783,I,30752,2495
2784,B,0,2496
2785,R,30105,2497
2786,B,0,2498
2787,I,30582,2499
2788,B,0,2500
2789,R,30089,2501
2790,B,0,2502
2791,I,30761,2503
2792,B,0,2504
2793,R,30102,2504
2794,B,0,2506
2795,I,30790,2506
2796,B,0,2507
2797,R,30035,2508
2798,B,0,2509
2799,I,30748,2510
2800,B,0,2511
2801,R,30054,2512
2802,B,0,2513
2803,I,30748,2514
2804,B,0,2515
2805,R,30064,2516
2806,B,0,2517
2807,I,30665,2518
2808,B,0,2519
2809,R,30076,2519
2810,B,0,2521
2811,I,30640,2521
2812,B,0,2523
2813,R,30080,2523
2814,B,0,2524
2815,I,30592,2525
2816,B,0,2526
2817,R,30099,2527
2818,B,0,2528
2819,I,30633,2529
2820,B,0,2530
2821,R,30019,2531
2822,B,0,2532
2823,I,30604,2533
2824,B,0,2534
2825,R,30025,2535
2826,B,0,2536
2827,I,30518,2536
2828,B,0,2538
2829,R,30083,2538
2830,B,0,2539
2831,I,30569,2540
2832,B,0,2541
2833,R,30060,2542
2834,B,0,2543
2835,I,30518,2544
2836,B,0,2545
2837,R,30083,2546
2838,B,0,2547
2839,I,30572,2548
2840,B,0,2549
2841,R,30038,2550
2842,B,0,2551
2843,I,30563,2552
2844,B,0,2553
2845,R,29996,2553
2846,B,0,2555
2847,I,30540,2555
2848,B,0,2556
2849,R,30060,2557
2850,B,0,2558
2851,I,30515,2559
2852,B,0,2560
2853,R,30092,2561
2854,B,0,2562
2855,I,30521,2563
2856,B,0,2564
2857,R,30083,2565
2858,B,0,2566
2859,I,30528,2567
2860,B,0,2568
2861,R,30038,2569
2862,B,0,2570
2863,I,30620,2570
2864,B,0,2572
2865,R,29891,2572
2866,B,0,2573
2867,I,30656,2574
2868,B,0,2575
2869,R,30012,2576
2870,B,0,2577
2871,I,30518,2578
2872,B,0,2579
2873,R,29907,2580
2874,B,0,2581
2875,I,30611,2582
2876,B,0,2583
2877,R,30070,2584
2878,B,0,2585
2879,I,30515,2585
2880,B,0,2587
2881,R,29968,2587
2882,B,0,2588
2883,I,30496,2589
2884,B,0,2590
2885,R,30083,2591
2886,B,0,2592
2887,I,30467,2593
2888,B,0,2594
2889,R,29926,2595
2890,B,0,2596
2891,I,30579,2597
2892,B,0,2598
2893,R,30035,2599
2894,B,0,2600
2895,I,30534,2601
2896,B,0,2602
2897,R,29945,2602
2898,B,0,2604
2899,I,30636,2604
2900,B,0,2605
2901,R,30041,2606
2902,B,0,2607
2903,I,30544,2608
2904,B,0,2609
2905,R,29859,2610
2906,B,0,2611
2907,I,30588,2612
2908,B,0,2613
2909,R,30070,2614
2910,B,0,2615
2911,I,30454,2616
2912,B,0,2617
2913,R,30044,2618
2914,B,0,2619
2915,I,30627,2619
2916,B,0,2621
2917,R,30028,2621
2918,B,0,2622
2919,I,30736,2623
2920,B,0,2624
2921,R,29897,2625
2922,B,0,2626
2923,I,30678,2627
2924,B,0,2628
2925,R,29865,2629
2926,B,0,2630
2927,I,30697,2631
2928,B,0,2632
2929,R,30012,2633
2930,B,0,2634
2931,I,30636,2635
2932,B,0,2636
2933,R,30028,2636
2934,B,0,2638
2935,I,30585,2638
2936,B,0,2639
2937,R,30051,2640
2938,B,0,2641
2939,I,30652,2642
2940,B,0,2643
2941,R,29897,2644
2942,B,0,2645
2943,I,30611,2646
2944,B,0,2647
2945,R,30025,2648
2946,B,0,2649
2947,I,30614,2650
2948,B,0,2651
2949,R,29974,2651
2950,B,0,2653
2951,I,30694,2653
2952,B,0,2655
2953,R,30028,2655
2954,B,0,2656
2955,I,30672,2657
2956,B,0,2658
2957,R,29916,2659
2958,B,0,2660
2959,I,30678,2661
2960,B,0,2662
2961,R,29932,2663
2962,B,0,2664
2963,I,30633,2665
2964,B,0,2666
2965,R,29964,2667
2966,B,0,2668
2967,I,30620,2668
2968,B,0,2670
2969,R,29968,2670
2970,B,0,2671
2971,I,30694,2672
2972,B,0,2673
2973,R,29920,2674
2974,B,0,2675
2975,I,30675,2676
2976,B,0,2677
2977,R,30064,2678
2978,B,0,2679
2979,I,30640,2680
2980,B,0,2681
2981,R,30118,2682
2982,B,0,2683
2983,I,30678,2684
2984,B,0,2685
2985,R,30089,2685
2986,B,0,2687
2987,I,30550,2687
2988,B,0,2688
2989,R,30054,2689
2990,B,0,2690
2991,I,30707,2691
2992,B,0,2692
2993,R,29939,2693
2994,B,0,2694
2995,I,30486,2695
2996,B,0,2696
2997,R,30048,2697
2998,B,0,2698
2999,I,30617,2699
3000,B,0,2700
3001,R,29952,2701
3002,B,0,2702
3003,I,30544,2702
3004,B,0,2704
3005,R,30076,2704
3006,B,0,2705
3007,I,30659,2706
3008,B,0,2707
3009,R,29932,2708
3010,B,0,2709
3011,I,30595,2710
3012,B,0,2711
3013,R,29977,2712
3014,B,0,2713
3015,I,30726,2714
3016,B,0,2715
3017,R,29923,2716
3018,B,0,2717
3019,I,30691,2717
3020,B,0,2719
3021,R,29913,2719
3022,B,0,2720
3023,I,30726,2721
3024,B,0,2722
3025,R,30057,2723
3026,B,0,2724
3027,I,30723,2725
3028,B,0,2726
3029,R,29891,2727
3030,B,0,2728
3031,I,30678,2729
3032,B,0,2730
3033,R,30144,2731
3034,B,0,2732
3035,I,30675,2733
3036,B,0,2734
3037,R,30035,2734
3038,B,0,2736
3039,I,30579,2736
3040,B,0,2737
3041,R,29987,2738
3042,B,0,2739
3043,I,30582,2740
3044,B,0,2741
3045,R,30054,2742
3046,B,0,2743
3047,I,30633,2744
3048,B,0,2745
3049,R,30064,2746
3050,B,0,2747
3051,I,30646,2748
3052,B,0,2749
3053,R,29945,2750
3054,B,0,2751
3055,I,30588,2751
3056,B,0,2753
3057,R,30089,2753
3058,B,0,2754
3059,I,30534,2755
3060,B,0,2756
3061,R,30006,2757
3062,B,0,2758
3063,I,30611,2759
3064,B,0,2760
3065,R,29936,2761
3066,B,0,2762
3067,I,30588,2763
3068,B,0,2764
3069,R,30041,2765
3070,B,0,2766
3071,I,30592,2767
3072,B,0,2768
3073,R,30038,2768
3074,B,0,2770
3075,I,30515,2770
3076,B,0,2771
3077,R,29964,2772
3078,B,0,2773
3079,I,30633,2774
3080,B,0,2775
3081,R,29884,2776
3082,B,0,2777
3083,I,30563,2778
3084,B,0,2779
3085,R,30144,2780
3086,B,0,2781
3087,I,30608,2782
3088,B,0,2783
3089,R,29939,2783
3090,B,0,2785
3091,I,30505,2785
3092,B,0,2787
3093,R,30048,2787
3094,B,0,2788
3095,I,30521,2789
3096,B,0,2790
3097,R,30105,2791
3098,B,0,2792
3099,I,30604,2793
3100,B,0,2794
3101,R,30060,2795
3102,B,0,2796
3103,I,30515,2797
3104,B,0,2798
3105,R,30096,2799
3106,B,0,2800
3107,I,30550,2800
3108,B,0,2802
3109,R,30092,2802
3110,B,0,2803
3111,I,30572,2804
3112,B,0,2805
3113,R,29920,2806
3114,B,0,2807
3115,I,30659,2808
3116,B,0,2809
3117,R,30064,2810
3118,B,0,2811
3119,I,30636,2812
3120,B,0,2813
3121,R,30041,2814
3122,B,0,2815
3123,I,30678,2816
3124,B,0,2817
3125,R,30019,2817
3126,B,0,2819
3127,I,30569,2819
3128,B,0,2820
3129,R,30108,2821
3130,B,0,2822
3131,I,30563,2823
3132,B,0,2824
3133,R,30025,2825
3134,B,0,2826
3135,I,30563,2827
3136,B,0,2828
3137,R,30118,2829
3138,B,0,2830
3139,I,30729,2831
3140,B,0,2832
3141,R,30038,2833
3142,B,0,2834
3143,I,30515,2834
3144,B,0,2836
3145,R,30064,2836
3146,B,0,2837
3147,I,30646,2838
3148,B,0,2839
3149,R,30076,2840
3150,B,0,2841
3151,I,30752,2842
3152,B,0,2843
3153,R,29942,2844
3154,B,0,2845
3155,I,30620,2846
3156,B,0,2847
3157,R,30019,2848
3158,B,0,2849
3159,I,30572,2849
3160,B,0,2851
3161,R,30076,2851
3162,B,0,2852
3163,I,30592,2853
3164,B,0,2854
3165,R,29904,2855
3166,B,0,2856
3167,I,30729,2857
3168,B,0,2858
3169,R,29932,2859
3170,B,0,2860
3171,I,30668,2861
3172,B,0,2862
3173,R,29916,2863
3174,B,0,2864
3175,I,30678,2865
3176,B,0,2866
3177,R,29929,2866
3178,B,0,2868
3179,I,30681,2868
3180,B,0,2869
3181,R,30016,2870
3182,B,0,2871
3183,I,30640,2872
3184,B,0,2873
3185,R,30051,2874
3186,B,0,2875
3187,I,30585,2876
3188,B,0,2877
3189,R,30032,2878
3190,B,0,2879
3191,I,30604,2880
3192,B,0,2881
3193,R,29987,2882
3194,B,0,2883
3195,I,30761,2883
3196,B,0,2885
3197,R,29984,2885
3198,B,0,2886
3199,I,30707,2887
3200,B,0,2888
3201,R,29942,2889
3202,B,0,2890
3203,I,30777,2891
3204,B,0,2892
3205,R,30022,2893
3206,B,0,2894
3207,I,30672,2895
3208,B,0,2896
3209,R,30054,2897
3210,B,0,2898
3211,I,30646,2899
3212,B,0,2900
3213,R,30060,2900
3214,B,0,2902
3215,I,30691,2902
3216,B,0,2903
3217,R,29910,2904
3218,B,0,2905
3219,I,30796,2906
3220,B,0,2907
3221,R,30032,2908
3222,B,0,2909
3223,I,30739,2910
3224,B,0,2911
3225,R,30083,2912
3226,B,0,2913
3227,I,30659,2914
3228,B,0,2915
3229,R,30128,2915
3230,B,0,2917
3231,I,30710,2917
3232,B,0,2919
3233,R,30064,2919
3234,B,0,2920
3235,I,30736,2921
3236,B,0,2922
3237,R,30051,2923
3238,B,0,2924
3239,I,30697,2925
3240,B,0,2926
3241,R,30086,2927
3242,B,0,2928
3243,I,30576,2929
3244,B,0,2930
3245,R,30089,2931
3246,B,0,2932
3247,I,30716,2932
3248,B,0,2934
3249,R,30070,2934
3250,B,0,2935
3251,I,30720,2936
3252,B,0,2937
3253,R,29955,2938
3254,B,0,2939
3255,I,30649,2940
3256,B,0,2941
3257,R,30092,2942
3258,B,0,2943
3259,I,30681,2944
3260,B,0,2945
3261,R,30105,2946
3262,B,0,2947
3263,I,30556,2948
3264,B,0,2949
3265,R,30032,2949
3266,B,0,2951
3267,I,30694,2951
3268,B,0,2952
3269,R,30038,2953
3270,B,0,2954
3271,I,30550,2955
3272,B,0,2956
3273,R,30115,2957
3274,B,0,2958
3275,I,30729,2959
3276,B,0,2960
3277,R,30000,2961
3278,B,0,2962
3279,I,30624,2963
3280,B,0,2964
3281,R,29952,2965
3282,B,0,2966
3283,I,30681,2966
3284,B,0,2968
3285,R,30038,2968
3286,B,0,2969
3287,I,30611,2970
3288,B,0,2971
3289,R,29990,2972
3290,B,0,2973
3291,I,30713,2974
3292,B,0,2975
3293,R,30115,2976
3294,B,0,2977
3295,I,30566,2978
3296,B,0,2979
3297,R,30134,2980
3298,B,0,2981
3299,I,30723,2981
3300,B,0,2983
3301,R,30140,2983
3302,B,0,2984
3303,I,30633,2985
3304,B,0,2986
3305,R,30076,2987
3306,B,0,2988
3307,I,30732,2989
3308,B,0,2990
3309,R,30121,2991
3310,B,0,2992
3311,I,30652,2993
3312,B,0,2994
3313,R,30073,2995
3314,B,0,2996
3315,I,30675,2997
3316,B,0,2998
3317,R,30102,2998
3318,B,0,3000
3319,I,30688,3000
3320,B,0,3001
3321,R,30176,3002
3322,B,0,3003
3323,I,30659,3004
3324,B,0,3005
3325,R,29955,3006
3326,B,0,3007
3327,I,30646,3008
3328,B,0,3009
3329,R,30172,3010
3330,B,0,3011
3331,I,30720,3012
3332,B,0,3013
3333,R,30140,3014
3334,B,0,3015
3335,I,30812,3015
3336,B,0,3017
3337,R,30124,3017
3338,B,0,3018
3339,I,30601,3019
3340,B,0,3020
3341,R,30166,3021
3342,B,0,3022
3343,I,30611,3023
3344,B,0,3024
3345,R,30057,3025
3346,B,0,3026
3347,I,30684,3027
3348,B,0,3028
3349,R,30150,3029
3350,B,0,3030
3351,I,30636,3031
3352,B,0,3032
3353,R,30169,3032
3354,B,0,3034
3355,I,30588,3034
3356,B,0,3035
3357,R,30128,3036
3358,B,0,3037
3359,I,30857,3038
3360,B,0,3039
3361,R,30124,3040
3362,B,0,3041
3363,I,30774,3042
3364,B,0,3043
3365,R,29948,3044
3366,B,0,3045
3367,I,30723,3046
3368,B,0,3047
3369,R,30080,3047
3370,B,0,3049
3371,I,30646,3049
3372,B,0,3051
3373,R,29996,3051
3374,B,0,3052
3375,I,30774,3053
3376,B,0,3054
3377,R,30137,3055
3378,B,0,3056
3379,I,30691,3057
3380,B,0,3058
3381,R,29932,3059
3382,B,0,3060
3383,I,30723,3061
3384,B,0,3062
3385,R,30147,3063
3386,B,0,3064
3387,I,30774,3064
3388,B,0,3066
3389,R,30022,3066
3390,B,0,3067
3391,I,30809,3068
3392,B,0,3069
3393,R,30019,3070
3394,B,0,3071
3395,I,30688,3072
3396,B,0,3073
3397,R,30102,3074
3398,B,0,3075
3399,I,30748,3076
3400,B,0,3077
3401,R,30012,3078
3402,B,0,3079
3403,I,30633,3080
3404,B,0,3081
3405,R,30054,3081
3406,B,0,3083
3407,I,30800,3083
3408,B,0,3084
3409,R,30041,3085
3410,B,0,3086
3411,I,30681,3087
3412,B,0,3088
3413,R,30019,3089
3414,B,0,3090
3415,I,30774,3091
3416,B,0,3092
3417,R,30080,3093
3418,B,0,3094
3419,I,30748,3095
3420,B,0,3096
3421,R,30003,3097
3422,B,0,3098
3423,I,30780,3098
3424,B,0,3100
3425,R,30025,3100
3426,B,0,3101
3427,I,30838,3102
3428,B,0,3103
3429,R,30019,3104
3430,B,0,3105
3431,I,30691,3106
3432,B,0,3107
3433,R,30006,3108
3434,B,0,3109
3435,I,30854,3110
3436,B,0,3111
3437,R,30076,3112
3438,B,0,3113
3439,I,30774,3113
3440,B,0,3115
3441,R,29980,3115
3442,B,0,3116
3443,I,30812,3117
3444,B,0,3118
3445,R,29968,3119
3446,B,0,3120
3447,I,30838,3121
3448,B,0,3122
3449,R,30089,3123
3450,B,0,3124
3451,I,30864,3125
3452,B,0,3126
3453,R,30080,3127
3454,B,0,3128
3455,I,30627,3129
3456,B,0,3130
3457,R,30150,3130
3458,B,0,3132
3459,I,30867,3132
3460,B,0,3133
3461,R,30048,3134
3462,B,0,3135
3463,I,30809,3136
3464,B,0,3137
3465,R,30140,3138
3466,B,0,3139
3467,I,30787,3140
3468,B,0,3141
3469,R,29987,3142
3470,B,0,3143
3471,I,30809,3144
3472,B,0,3145
3473,R,30041,3146
3474,B,0,3147
3475,I,30700,3147
3476,B,0,3149
3477,R,30099,3149
3478,B,0,3150
3479,I,30691,3151
3480,B,0,3152
3481,R,30198,3153
3482,B,0,3154
3483,I,30790,3155
3484,B,0,3156
3485,R,30080,3157
3486,B,0,3158
3487,I,30755,3159
3488,B,0,3160
3489,R,30096,3161
3490,B,0,3162
3491,I,30867,3163
3492,B,0,3164
3493,R,30169,3164
3494,B,0,3166
3495,I,30825,3166
3496,B,0,3167
3497,R,30188,3168
3498,B,0,3169
3499,I,30816,3170
3500,B,0,3171
3501,R,30089,3172
3502,B,0,3173
3503,I,30800,3174
3504,B,0,3175
3505,R,30057,3176
3506,B,0,3177
3507,I,30828,3178
3508,B,0,3179
3509,R,30035,3179
3510,B,0,3181
3511,I,30710,3181
3512,B,0,3183
3513,R,30016,3183
3514,B,0,3184
3515,I,30780,3185
3516,B,0,3186
3517,R,30102,3187
3518,B,0,3188
3519,I,30720,3189
3520,B,0,3190
3521,R,30067,3191
3522,B,0,3192
3523,I,30806,3193
3524,B,0,3194
3525,R,30038,3195
3526,B,0,3196
3527,I,30793,3196
3528,B,0,3198
3529,R,30115,3198
3530,B,0,3199
3531,I,30764,3200
3532,B,0,3201
3533,R,30182,3202
3534,B,0,3203
3535,I,30777,3204
3536,B,0,3205
3537,R,30140,3206
3538,B,0,3207
3539,I,30649,3208
3540,B,0,3209
3541,R,30051,3210
3542,B,0,3211
3543,I,30838,3212
3544,B,0,3213
3545,R,30006,3213
3546,B,0,3215
3547,I,30691,3215
3548,B,0,3216
3549,R,30233,3217
3550,B,0,3218
3551,I,30736,3219
3552,B,0,3220
3553,R,30182,3221
3554,B,0,3222
3555,I,30723,3223
3556,B,0,3224
3557,R,30176,3225
3558,B,0,3226
3559,I,30720,3227
3560,B,0,3228
3561,R,30188,3229
3562,B,0,3230
3563,I,30867,3230
3564,B,0,3232
3565,R,30134,3232
3566,B,0,3233
3567,I,30723,3234
3568,B,0,3235
3569,R,29964,3236
3570,B,0,3237
3571,I,30835,3238
3572,B,0,3239
3573,R,30003,3240
3574,B,0,3241
3575,I,30771,3242
3576,B,0,3243
3577,R,30016,3244
3578,B,0,3245
3579,I,30816,3245
3580,B,0,3247
3581,R,30147,3247
3582,B,0,3248
3583,I,30873,3249
3584,B,0,3250
3585,R,30240,3251
3586,B,0,3252
3587,I,30841,3253
3588,B,0,3254
3589,R,30220,3255
3590,B,0,3256
3591,I,30883,3257
3592,B,0,3258
3593,R,30243,3259
3594,B,0,3260
3595,I,30793,3261
3596,B,0,3262
3597,R,30134,3262
3598,B,0,3264
3599,I,30844,3264
3600,B,0,3265
3601,R,30140,3266
3602,B,0,3267
3603,I,30752,3268
3604,B,0,3269
3605,R,30192,3270
3606,B,0,3271
3607,I,30755,3272
3608,B,0,3273
3609,R,30153,3274
3610,B,0,3275
3611,I,30963,3276
3612,B,0,3277
3613,R,30185,3278
3614,B,0,3279
3615,I,30889,3279
3616,B,0,3281
3617,R,30195,3281
3618,B,0,3282
3619,I,30876,3283
3620,B,0,3284
3621,R,30156,3285
3622,B,0,3286
3623,I,30896,3287
3624,B,0,3288
3625,R,30099,3289
3626,B,0,3290
3627,I,30844,3291
3628,B,0,3292
3629,R,30128,3293
3630,B,0,3294
3631,I,30902,3295
3632,B,0,3296
3633,R,30080,3296
3634,B,0,3298
3635,I,30851,3298
3636,B,0,3299
3637,R,30131,3300
3638,B,0,3301
3639,I,30848,3302
3640,B,0,3303
3641,R,30134,3304
3642,B,0,3305
3643,I,30972,3306
3644,B,0,3307
3645,R,30156,3308
3646,B,0,3309
3647,I,30892,3310
3648,B,0,3311
3649,R,30057,3311
3650,B,0,3313
3651,I,30956,3313
3652,B,0,3315
3653,R,30080,3315
3654,B,0,3316
3655,I,30848,3317
3656,B,0,3318
3657,R,30121,3319
3658,B,0,3320
3659,I,30876,3321
3660,B,0,3322
3661,R,30118,3323
3662,B,0,3324
3663,I,30864,3325
3664,B,0,3326
3665,R,30073,3327
3666,B,0,3328
3667,I,30745,3328
3668,B,0,3330
3669,R,30064,3330
3670,B,0,3331
3671,I,30851,3332
3672,B,0,3333
3673,R,30041,3334
3674,B,0,3335
3675,I,30803,3336
3676,B,0,3337
3677,R,30083,3338
3678,B,0,3339
3679,I,30915,3340
3680,B,0,3341
3681,R,30012,3342
3682,B,0,3343
3683,I,30803,3344
3684,B,0,3345
3685,R,30204,3345
3686,B,0,3347
3687,I,30854,3347
3688,B,0,3348
3689,R,30041,3349
3690,B,0,3350
3691,I,30752,3351
3692,B,0,3352
3693,R,30096,3353
3694,B,0,3354
3695,I,30848,3355
3696,B,0,3356
3697,R,30012,3357
3698,B,0,3358
3699,I,30646,3359
3700,B,0,3360
3701,R,30102,3361
3702,B,0,3362
3703,I,30777,3362
3704,B,0,3364
3705,R,30134,3364
3706,B,0,3365
3707,I,30662,3366
3708,B,0,3367
3709,R,30134,3368
3710,B,0,3369
3711,I,30624,3370
3712,B,0,3371
3713,R,30163,3372
3714,B,0,3373
3715,I,30816,3374
3716,B,0,3375
3717,R,30086,3376
3718,B,0,3377
3719,I,30742,3377
3720,B,0,3379
3721,R,30073,3379
3722,B,0,3380
3723,I,30790,3381
3724,B,0,3382
3725,R,29993,3383
3726,B,0,3384
3727,I,30742,3385
3728,B,0,3386
3729,R,29980,3387
3730,B,0,3388
3731,I,30790,3389
3732,B,0,3390
3733,R,30057,3391
3734,B,0,3392
3735,I,30697,3393
3736,B,0,3394
3737,R,30012,3394
3738,B,0,3396
3739,I,30707,3396
3740,B,0,3397
3741,R,29964,3398
3742,B,0,3399
3743,I,30617,3400
3744,B,0,3401
3745,R,30057,3402
3746,B,0,3403
3747,I,30617,3404
3748,B,0,3405
3749,R,29939,3406
3750,B,0,3407
3751,I,30480,3408
3752,B,0,3409
3753,R,29977,3410
3754,B,0,3411
3755,I,30489,3411
3756,B,0,3413
3757,R,29984,3413
3758,B,0,3414
3759,I,30531,3415
3760,B,0,3416
3761,R,30067,3417
3762,B,0,3418
3763,I,30537,3419
3764,B,0,3420
3765,R,29856,3421
3766,B,0,3422
3767,I,30608,3423
3768,B,0,3424
3769,R,30054,3425
3770,B,0,3426
3771,I,30534,3427
3772,B,0,3428
3773,R,29977,3428
3774,B,0,3430
3775,I,30553,3430
3776,B,0,3431
3777,R,29990,3432
3778,B,0,3433
3779,I,30448,3434
3780,B,0,3435
3781,R,29894,3436
3782,B,0,3437
3783,I,30585,3438
3784,B,0,3439
3785,R,29961,3440
3786,B,0,3441
3787,I,30518,3442
3788,B,0,3443
3789,R,30064,3443
3790,B,0,3445
3791,I,30537,3445
3792,B,0,3447
3793,R,29990,3447
3794,B,0,3448
3795,I,30515,3449
3796,B,0,3450
3797,R,30044,3451
3798,B,0,3452
3799,I,30592,3453
3800,B,0,3454
3801,R,30067,3455
3802,B,0,3456
3803,I,30598,3457
3804,B,0,3458
3805,R,30022,3459
3806,B,0,3460
3807,I,30438,3460
3808,B,0,3462
3809,R,29852,3462
3810,B,0,3463
3811,I,30595,3464
3812,B,0,3465
3813,R,30070,3466
3814,B,0,3467
3815,I,30556,3468
3816,B,0,3469
3817,R,29830,3470
3818,B,0,3471
3819,I,30582,3472
3820,B,0,3473
3821,R,29993,3474
3822,B,0,3475
3823,I,30563,3476
3824,B,0,3477
3825,R,29961,3477
3826,B,0,3479
3827,I,30614,3479
3828,B,0,3480
3829,R,29968,3481
3830,B,0,3482
3831,I,30521,3483
3832,B,0,3484
3833,R,30080,3485
3834,B,0,3486
3835,I,30540,3487
3836,B,0,3488
3837,R,29984,3489
3838,B,0,3490
3839,I,30521,3491
3840,B,0,3492
3841,R,30048,3493
3842,B,0,3494
3843,I,30620,3494
3844,B,0,3496
3845,R,30016,3496
3846,B,0,3497
3847,I,30563,3498
3848,B,0,3499
3849,R,30006,3500
3850,B,0,3501
3851,I,30444,3502
3852,B,0,3503
3853,R,29996,3504
3854,B,0,3505
3855,I,30499,3506
3856,B,0,3507
3857,R,29977,3508
3858,B,0,3509
3859,I,30604,3509
3860,B,0,3511
3861,R,29862,3511
3862,B,0,3512
3863,I,30572,3513
3864,B,0,3514
3865,R,30009,3515
3866,B,0,3516
3867,I,30588,3517
3868,B,0,3518
3869,R,29881,3519
3870,B,0,3520
3871,I,30659,3521
3872,B,0,3522
3873,R,29862,3523
3874,B,0,3524
3875,I,30492,3525
3876,B,0,3526
3877,R,29923,3526
3878,B,0,3528
3879,I,30576,3528
3880,B,0,3529
3881,R,29888,3530
3882,B,0,3531
3883,I,30598,3532
3884,B,0,3533
3885,R,29952,3534
3886,B,0,3535
3887,I,30595,3536
3888,B,0,3537
3889,R,29948,3538
3890,B,0,3539
3891,I,30585,3540
3892,B,0,3541
3893,R,29852,3542
3894,B,0,3543
3895,I,30560,3543
3896,B,0,3545
3897,R,29980,3545
3898,B,0,3546
3899,I,30697,3547
3900,B,0,3548
3901,R,29955,3549
3902,B,0,3550
3903,I,30611,3551
3904,B,0,3552
3905,R,29872,3553
3906,B,0,3554
3907,I,30697,3555
3908,B,0,3556
3909,R,29923,3557
3910,B,0,3558
3911,I,30579,3559
3912,B,0,3560
3913,R,30009,3560
3914,B,0,3562
3915,I,30636,3562
3916,B,0,3563
3917,R,30003,3564
3918,B,0,3565
3919,I,30668,3566
3920,B,0,3567
3921,R,29942,3568
3922,B,0,3569
3923,I,30560,3570
3924,B,0,3571
3925,R,29904,3572
3926,B,0,3573
3927,I,30636,3574
3928,B,0,3575
3929,R,29977,3575
3930,B,0,3577
3931,I,30576,3577
3932,B,0,3579
3933,R,30016,3579
3934,B,0,3580
3935,I,30617,3581
3936,B,0,3582
3937,R,29891,3583
3938,B,0,3584
3939,I,30579,3585
3940,B,0,3586
3941,R,30070,3587
3942,B,0,3588
3943,I,30675,3589
3944,B,0,3590
3945,R,29916,3591
3946,B,0,3592
3947,I,30595,3592
3948,B,0,3594
3949,R,30000,3594
3950,B,0,3595
3951,I,30550,3596
3952,B,0,3597
3953,R,30083,3598
3954,B,0,3599
3955,I,30624,3600
3956,B,0,3601
3957,R,29900,3602
3958,B,0,3603
3959,I,30617,3604
3960,B,0,3605
3961,R,29964,3606
3962,B,0,3607
3963,I,30656,3608
3964,B,0,3609
3965,R,29840,3609
3966,B,0,3611
3967,I,30582,3611
3968,B,0,3612
3969,R,30003,3613
3970,B,0,3614
3971,I,30515,3615
3972,B,0,3616
3973,R,30041,3617
3974,B,0,3618
3975,I,30518,3619
3976,B,0,3620
3977,R,30019,3621
3978,B,0,3622
3979,I,30614,3623
3980,B,0,3624
3981,R,30035,3625
3982,B,0,3626
3983,I,30521,3626
3984,B,0,3628
3985,R,30118,3628
3986,B,0,3629
3987,I,30473,3630
3988,B,0,3631
3989,R,30083,3632
3990,B,0,3633
3991,I,30467,3634
3992,B,0,3635
3993,R,30044,3636
3994,B,0,3637
3995,I,30499,3638
3996,B,0,3639
3997,R,30000,3640
3998,B,0,3641
3999,I,30531,3641
4000,B,0,3643
4001,R,29990,3643
4002,B,0,3644
4003,I,30521,3645
4004,B,0,3646
4005,R,30044,3647
4006,B,0,3648
4007,I,30483,3649
4008,B,0,3650
4009,R,30060,3651
4010,B,0,3652
4011,I,30560,3653
4012,B,0,3654
4013,R,30022,3655
4014,B,0,3656
4015,I,30553,3657
4016,B,0,3658
4017,R,29859,3658
4018,B,0,3660
4019,I,30608,3660
4020,B,0,3661
4021,R,29987,3662
4022,B,0,3663
4023,I,30662,3664
4024,B,0,3665
4025,R,30032,3666
4026,B,0,3667
4027,I,30508,3668
4028,B,0,3669
4029,R,30041,3670
4030,B,0,3671
4031,I,30595,3672
4032,B,0,3673
4033,R,29929,3674
4034,B,0,3675
4035,I,30595,3675
4036,B,0,3677
4037,R,30016,3677
4038,B,0,3678
4039,I,30515,3679
4040,B,0,3680
4041,R,29926,3681
4042,B,0,3682
4043,I,30499,3683
4044,B,0,3684
4045,R,30060,3685
4046,B,0,3686
4047,I,30432,3687
4048,B,0,3688
4049,R,29900,3689
4050,B,0,3690
4051,I,30604,3691
4052,B,0,3692
4053,R,29993,3692
4054,B,0,3694
4055,I,30451,3694
4056,B,0,3695
4057,R,29900,3696
4058,B,0,3697
4059,I,30579,3698
4060,B,0,3699
4061,R,29990,3700
4062,B,0,3701
4063,I,30528,3702
4064,B,0,3703
4065,R,29808,3704
4066,B,0,3705
4067,I,30601,3706
4068,B,0,3707
4069,R,30067,3707
4070,B,0,3709
4071,I,30448,3709
4072,B,0,3711
4073,R,29859,3711
4074,B,0,3712
4075,I,30611,3713
4076,B,0,3714
4077,R,30041,3715
4078,B,0,3716
4079,I,30496,3717
4080,B,0,3718
4081,R,29984,3719
4082,B,0,3720
4083,I,30691,3721
4084,B,0,3722
4085,R,29993,3723
4086,B,0,3724
4087,I,30528,3724
4088,B,0,3726
4089,R,29926,3726
4090,B,0,3727
4091,I,30588,3728
4092,B,0,3729
4093,R,29980,3730
4094,B,0,3731
4095,I,30544,3732
4096,B,0,3733
4097,R,29894,3734
4098,B,0,3735
4099,I,30540,3736
4100,B,0,3737
4101,R,29894,3738
4102,B,0,3739
4103,I,30694,3740
4104,B,0,3741
4105,R,29961,3741
4106,B,0,3743
4107,I,30620,3743
4108,B,0,3744
4109,R,29910,3745
4110,B,0,3746
4111,I,30556,3747
4112,B,0,3748
4113,R,29900,3749
4114,B,0,3750
4115,I,30620,3751
4116,B,0,3752
4117,R,29932,3753
4118,B,0,3754
4119,I,30585,3755
4120,B,0,3756
4121,R,29955,3757
4122,B,0,3758
4123,I,30473,3758
4124,B,0,3760
4125,R,29897,3760
4126,B,0,3761
4127,I,30611,3762
4128,B,0,3763
4129,R,29974,3764
4130,B,0,3765
4131,I,30553,3766
4132,B,0,3767
4133,R,29910,3768
4134,B,0,3769
4135,I,30659,3770
4136,B,0,3771
4137,R,29920,3772
4138,B,0,3773
4139,I,30624,3773
4140,B,0,3775
4141,R,29916,3775
4142,B,0,3776
4143,I,30550,3777
4144,B,0,3778
4145,R,29980,3779
4146,B,0,3780
4147,I,30675,3781
4148,B,0,3782
4149,R,30057,3783
4150,B,0,3784
4151,I,30537,3785
4152,B,0,3786
4153,R,29920,3787
4154,B,0,3788
4155,I,30518,3789
4156,B,0,3790
4157,R,30003,3790
4158,B,0,3792
4159,I,30569,3792
4160,B,0,3793
4161,R,29916,3794
4162,B,0,3795
4163,I,30633,3796
4164,B,0,3797
4165,R,30000,3798
4166,B,0,3799
4167,I,30483,3800
4168,B,0,3801
4169,R,30032,3802
4170,B,0,3803
4171,I,30617,3804
4172,B,0,3805
4173,R,30044,3806
4174,B,0,3807
4175,I,30630,3807
4176,B,0,3809
4177,R,29926,3809
4178,B,0,3810
4179,I,30704,3811
4180,B,0,3812
4181,R,30009,3813
4182,B,0,3814
4183,I,30675,3815
4184,B,0,3816
4185,R,29993,3817
4186,B,0,3818
4187,I,30700,3819
4188,B,0,3820
4189,R,29958,3821
4190,B,0,3822
4191,I,30547,3823
4192,B,0,3824
4193,R,29987,3824
4194,B,0,3826
4195,I,30684,3826
4196,B,0,3827
4197,R,29993,3828
4198,B,0,3829
4199,I,30569,3830
4200,B,0,3831
4201,R,30022,3832
4202,B,0,3833
4203,I,30633,3834
4204,B,0,3835
4205,R,30016,3836
4206,B,0,3837
4207,I,30617,3838
4208,B,0,3839
4209,R,30025,3839
4210,B,0,3841
4211,I,30566,3841
4212,B,0,3843
4213,R,30076,3843
4214,B,0,3844
4215,I,30569,3845
4216,B,0,3846
4217,R,30022,3847
4218,B,0,3848
4219,I,30486,3849
4220,B,0,3850
4221,R,30038,3851
4222,B,0,3852
4223,I,30624,3853
4224,B,0,3854
4225,R,30099,3855
4226,B,0,3856
4227,I,30566,3856
4228,B,0,3858
4229,R,29856,3858
4230,B,0,3859
4231,I,30579,3860
4232,B,0,3861
4233,R,30076,3862
4234,B,0,3863
4235,I,30579,3864
4236,B,0,3865
4237,R,30038,3866
4238,B,0,3867
4239,I,30633,3868
4240,B,0,3869
4241,R,30070,3870
4242,B,0,3871
4243,I,30611,3872
4244,B,0,3873
4245,R,30105,3873
4246,B,0,3875
4247,I,30614,3875
4248,B,0,3876
