,TAG,Value,Time
0,B,2720,0
1,R,55331,0
2,B,707,0
3,I,25494,0
4,B,3248,0
5,R,57865,0
6,B,601,0
7,I,25568,0
8,B,3356,1
9,R,55881,1
10,B,67,1
11,I,25308,1
12,B,3376,1
13,R,56012,1
14,B,537,1
15,I,25731,1
16,B,3433,1
17,R,53840,2
18,B,524,3
19,I,25456,4
20,B,3456,5
21,R,54009,5
22,B,531,6
23,I,25728,7
24,B,3296,8
25,R,54256,8
26,B,547,9
27,I,25676,10
28,B,3334,11
29,R,54041,12
30,B,524,13
31,I,25721,14
32,B,3411,14
33,R,54038,15
34,B,489,16
35,I,25446,17
36,B,3302,18
37,R,53756,19
38,B,502,20
39,I,25379,21
40,B,3241,22
41,R,54115,22
42,B,528,23
43,I,25465,24
44,B,3382,25
45,R,54217,26
46,B,537,27
47,I,25600,28
48,B,3382,29
49,R,54227,29
50,B,512,30
51,I,25840,31
52,B,3267,32
53,R,54361,33
54,B,489,34
55,I,25635,35
56,B,3324,36
57,R,53584,36
58,B,406,37
59,I,25401,38
60,B,3593,39
61,R,54118,40
62,B,624,41
63,I,25491,42
64,B,3280,43
65,R,54566,43
66,B,524,44
67,I,25472,45
68,B,3408,46
69,R,54201,47
70,B,518,48
71,I,25430,49
72,B,3356,50
73,R,54310,50
74,B,521,51
75,I,25606,52
76,B,3356,53
77,R,53926,54
78,B,505,55
79,I,25356,56
80,B,3526,57
81,R,54028,58
82,B,620,58
83,I,25571,59
84,B,3113,60
85,R,54112,61
86,B,486,62
87,I,25644,63
88,B,3475,64
89,R,53756,65
90,B,502,65
91,I,25446,66
92,B,3347,67
93,R,54134,68
94,B,508,69
95,I,25529,70
96,B,3305,71
97,R,54048,72
98,B,486,73
99,I,25411,73
100,B,3478,74
101,R,53939,75
102,B,521,76
103,I,25590,77
104,B,3171,78
105,R,54441,79
106,B,496,80
107,I,25680,80
108,B,3603,81
109,R,54326,82
110,B,518,83
111,I,25558,84
112,B,3376,85
113,R,53638,86
114,B,492,87
115,I,25635,87
116,B,3369,88
117,R,53801,89
118,B,496,90
119,I,25430,91
120,B,3420,92
121,R,54012,93
122,B,486,94
123,I,25811,94
124,B,3267,95
125,R,54262,96
126,B,483,97
127,I,25571,98
128,B,3504,99
129,R,54332,100
130,B,108,101
131,I,25564,102
132,B,2921,103
133,R,54291,104
134,B,112,105
135,I,25577,105
136,B,2892,106
137,R,53756,107
138,B,64,108
139,I,25427,109
140,B,2969,110
141,R,53475,111
142,B,51,112
143,I,25628,113
144,B,3030,114
145,R,54332,115
146,B,51,116
147,I,25824,117
148,B,2809,118
149,R,54233,119
150,B,70,120
151,I,25593,121
152,B,3052,122
153,R,53788,122
154,B,67,124
155,I,25308,124
156,B,3177,125
157,R,53993,126
158,B,102,127
159,I,25609,128
160,B,3072,129
161,R,54012,130
162,B,102,131
163,I,25689,132
164,B,3040,133
165,R,54249,134
166,B,112,135
167,I,25686,136
168,B,2950,137
169,R,53865,138
170,B,83,139
171,I,25235,140
172,B,2896,141
173,R,53859,142
174,B,83,143
175,I,25507,143
176,B,2854,144
177,R,54051,145
178,B,89,146
179,I,25648,147
180,B,2937,148
181,R,54064,149
182,B,115,150
183,I,25737,151
184,B,2921,152
185,R,54310,153
186,B,80,154
187,I,25622,155
188,B,2976,156
189,R,54009,157
190,B,67,158
191,I,25347,159
192,B,2896,160
193,R,53923,161
194,B,51,162
195,I,25475,162
196,B,2976,163
197,R,54524,164
198,B,208,165
199,I,25587,166
200,B,2966,167
201,R,53993,168
202,B,275,169
203,I,25638,170
204,B,2972,171
205,R,53596,172
206,B,236,173
207,I,25500,174
208,B,2912,175
209,R,54294,176
210,B,102,177
211,I,25382,178
212,B,2995,179
213,R,53747,180
214,B,83,181
215,I,25376,182
216,B,3030,183
217,R,53328,184
218,B,57,185
219,I,25868,185
220,B,2873,186
221,R,54025,187
222,B,96,188
223,I,25481,189
224,B,2883,190
225,R,54076,191
226,B,48,192
227,I,25481,193
228,B,2934,194
229,R,54083,195
230,B,108,196
231,I,25865,197
232,B,2988,198
233,R,53945,199
234,B,70,200
235,I,25622,200
236,B,2928,202
237,R,53939,202
238,B,57,203
239,I,25369,204
240,B,3190,205
241,R,53808,206
242,B,28,207
243,I,25459,208
244,B,3027,209
245,R,53881,210
246,B,307,211
247,I,25948,212
248,B,2950,213
249,R,54096,214
250,B,89,215
251,I,25568,216
252,B,2864,217
253,R,54211,218
254,B,86,219
255,I,25420,219
256,B,2969,220
257,R,53792,221
258,B,144,222
259,I,25724,223
260,B,2912,224
261,R,54144,225
262,B,92,226
263,I,25750,227
264,B,2748,228
265,R,54457,229
266,B,44,230
267,I,25744,231
268,B,2956,232
269,R,53942,233
270,B,19,234
271,I,25449,235
272,B,2972,236
273,R,53846,237
274,B,137,238
275,I,25366,238
276,B,2934,239
277,R,54102,240
278,B,96,241
279,I,25580,242
280,B,3145,243
281,R,54364,244
282,B,76,245
283,I,25446,246
284,B,3068,247
285,R,53984,248
286,B,208,249
287,I,25449,250
288,B,2969,251
289,R,53478,252
290,B,64,253
291,I,25574,254
292,B,2758,255
293,R,53635,256
294,B,83,257
295,I,25756,257
296,B,2992,258
297,R,54374,259
298,B,64,260
299,I,25638,261
300,B,2876,262
301,R,54115,263
302,B,92,264
303,I,25561,265
304,B,2982,266
305,R,53884,267
306,B,64,268
307,I,25475,269
308,B,2912,270
309,R,54086,271
310,B,83,272
311,I,25337,272
312,B,2739,274
313,R,53785,274
314,B,70,275
315,I,25641,276
316,B,2995,277
317,R,53827,278
318,B,105,279
319,I,25840,280
320,B,2969,281
321,R,54518,282
322,B,108,283
323,I,25449,284
324,B,3043,285
325,R,54259,286
326,B,147,287
327,I,25539,288
328,B,2944,289
329,R,53968,290
330,B,92,291
331,I,25856,292
332,B,2764,293
333,R,53881,294
334,B,60,295
335,I,25779,295
336,B,2953,296
337,R,54390,297
338,B,0,298
339,I,25836,299
340,B,3036,300
341,R,54041,301
342,B,115,302
343,I,25587,303
344,B,2979,304
345,R,53609,305
346,B,60,306
347,I,25216,307
348,B,2928,308
349,R,54080,309
350,B,67,310
351,I,25657,310
352,B,2969,311
353,R,54412,312
354,B,83,313
355,I,25622,314
356,B,3040,315
357,R,53929,316
358,B,92,317
359,I,25600,318
360,B,2908,319
361,R,54137,320
362,B,64,321
363,I,25600,322
364,B,3014,323
365,R,54080,324
366,B,96,325
367,I,25456,326
368,B,2876,327
369,R,53635,328
370,B,3,329
371,I,25833,329
372,B,2838,330
373,R,53792,331
374,B,108,332
375,I,25606,333
376,B,2956,334
377,R,54195,335
378,B,294,336
379,I,25676,337
380,B,2944,338
381,R,53977,339
382,B,265,340
383,I,25449,341
384,B,2905,342
385,R,53875,343
386,B,83,344
387,I,25596,345
388,B,3030,346
389,R,53731,347
390,B,89,348
391,I,25840,348
392,B,3030,349
393,R,54064,350
394,B,176,351
395,I,25920,352
396,B,2921,353
397,R,54249,354
398,B,118,355
399,I,25686,356
400,B,2944,357
401,R,54121,358
402,B,124,359
403,I,25948,360
404,B,3027,361
405,R,54822,362
406,B,9,363
407,I,25593,364
408,B,2950,365
409,R,54048,366
410,B,73,367
411,I,25779,367
412,B,2921,368
413,R,54201,369
414,B,118,370
415,I,25552,371
416,B,2972,372
417,R,54147,373
418,B,137,374
419,I,25542,375
420,B,3184,376
421,R,54393,377
422,B,76,378
423,I,25504,379
424,B,2950,380
425,R,54000,381
426,B,124,382
427,I,25529,383
428,B,2988,384
429,R,53788,385
430,B,41,386
431,I,25433,386
432,B,2793,388
433,R,53958,388
434,B,144,389
435,I,25820,390
436,B,3148,391
437,R,54406,392
438,B,150,393
439,I,25977,394
440,B,2768,395
441,R,54396,396
442,B,76,397
443,I,25689,398
444,B,2928,399
445,R,53849,400
446,B,70,401
447,I,25539,402
448,B,2956,403
449,R,54003,404
450,B,25,405
451,I,25548,406
452,B,3004,407
453,R,54400,407
454,B,156,409
455,I,25846,409
456,B,2979,410
457,R,54588,411
458,B,108,412
459,I,25635,413
460,B,3043,414
461,R,54355,415
462,B,60,416
463,I,25382,417
464,B,3052,418
465,R,53840,419
466,B,201,420
467,I,25603,421
468,B,2979,422
469,R,53968,423
470,B,96,424
471,I,25772,425
472,B,2851,426
473,R,54297,427
474,B,115,428
475,I,25680,428
476,B,2892,430
477,R,54153,430
478,B,204,431
479,I,25760,432
480,B,2969,433
481,R,54345,434
482,B,259,435
483,I,25686,436
484,B,2982,437
485,R,53654,438
486,B,60,439
487,I,25593,440
488,B,3052,441
489,R,53641,442
490,B,44,443
491,I,25520,444
492,B,2950,445
493,R,53852,446
494,B,201,447
495,I,25897,448
496,B,2825,449
497,R,54326,450
498,B,121,451
499,I,25776,451
500,B,2950,452
501,R,54227,453
502,B,96,454
503,I,25427,455
504,B,2950,456
505,R,53702,457
506,B,115,458
507,I,25574,459
508,B,2953,460
509,R,54176,461
510,B,115,462
511,I,25619,463
512,B,2838,464
513,R,54000,465
514,B,76,466
515,I,25555,467
516,B,2944,468
517,R,54150,469
518,B,9,470
519,I,25552,470
520,B,2953,471
521,R,53980,472
522,B,96,473
523,I,25545,474
524,B,2976,475
525,R,53580,476
526,B,54,477
527,I,25609,478
528,B,2972,479
529,R,54057,480
530,B,89,481
531,I,25552,482
532,B,3030,483
533,R,53929,484
534,B,147,485
535,I,25705,486
536,B,2934,487
537,R,53619,488
538,B,64,489
539,I,25651,489
540,B,2816,490
541,R,53923,491
542,B,54,492
543,I,25625,493
544,B,2956,494
545,R,54089,495
546,B,83,496
547,I,25347,497
548,B,3107,498
549,R,54028,499
550,B,96,500
551,I,25728,501
552,B,2998,502
553,R,54019,503
554,B,89,504
555,I,25676,504
556,B,2979,505
557,R,54179,506
558,B,230,507
559,I,25462,508
560,B,2976,509
561,R,53843,510
562,B,214,511
563,I,25561,512
564,B,2947,513
565,R,53856,514
566,B,108,515
567,I,25622,516
568,B,2819,517
569,R,53548,518
570,B,44,519
571,I,25718,520
572,B,2924,521
573,R,53817,522
574,B,54,523
575,I,25603,524
576,B,2985,525
577,R,54236,526
578,B,57,527
579,I,25497,527
580,B,2793,528
581,R,53763,529
582,B,54,530
583,I,25660,531
584,B,2969,532
585,R,54038,533
586,B,64,534
587,I,25625,535
588,B,3161,536
589,R,54339,537
590,B,128,538
591,I,25712,539
592,B,3011,540
593,R,53792,541
594,B,118,542
595,I,25724,543
596,B,3068,544
597,R,53881,545
598,B,96,546
599,I,25734,546
600,B,2960,547
601,R,54000,548
602,B,115,549
603,I,25424,550
604,B,2950,551
605,R,53561,552
606,B,131,553
607,I,25616,554
608,B,2982,555
609,R,53817,556
610,B,198,557
611,I,25776,558
612,B,2940,559
613,R,54284,560
614,B,57,561
615,I,25964,562
616,B,3014,563
617,R,54537,564
618,B,112,565
619,I,25644,566
620,B,2969,567
621,R,53952,568
622,B,96,569
623,I,25545,569
624,B,2963,570
625,R,53945,571
626,B,86,572
627,I,25622,573
628,B,2876,574
629,R,54057,575
630,B,67,576
631,I,25712,577
632,B,3158,578
633,R,54016,579
634,B,102,580
635,I,25715,581
636,B,3011,582
637,R,54028,583
638,B,89,584
639,I,25446,584
640,B,2892,586
641,R,53926,586
642,B,51,587
643,I,25593,588
644,B,3068,589
645,R,54496,590
646,B,128,591
647,I,25798,592
648,B,3004,593
649,R,54220,594
650,B,147,595
651,I,25920,596
652,B,2924,597
653,R,54214,598
654,B,112,599
655,I,25500,600
656,B,2937,601
657,R,54432,602
658,B,67,603
659,I,25465,604
660,B,2998,605
661,R,54067,606
662,B,105,607
663,I,25654,607
664,B,2995,608
665,R,53590,609
666,B,80,610
667,I,25852,611
668,B,2960,612
669,R,54182,613
670,B,80,614
671,I,25702,615
672,B,2992,616
673,R,54361,617
674,B,83,618
675,I,25555,619
676,B,3056,620
677,R,53740,621
678,B,67,622
679,I,25657,623
680,B,2886,624
681,R,54332,625
682,B,89,626
683,I,25574,626
684,B,2998,627
685,R,54390,628
686,B,108,629
687,I,25536,630
688,B,3120,631
689,R,54000,632
690,B,163,633
691,I,25744,634
692,B,2972,635
693,R,53843,636
694,B,38,637
695,I,25670,638
696,B,2944,639
697,R,53715,640
698,B,108,641
699,I,25283,642
700,B,3148,643
701,R,54000,644
702,B,208,645
703,I,25984,646
704,B,3004,647
705,R,54160,647
706,B,73,649
707,I,25801,649
708,B,2803,650
709,R,53907,651
710,B,67,652
711,I,25744,653
712,B,3040,654
713,R,54064,655
714,B,70,656
715,I,25414,657
716,B,2937,658
717,R,54115,659
718,B,83,660
719,I,25593,661
720,B,2918,662
721,R,53843,663
722,B,67,664
723,I,25344,664
724,B,3024,665
725,R,54092,666
726,B,76,667
727,I,25619,668
728,B,3024,669
729,R,54332,670
730,B,115,671
731,I,25708,672
732,B,2956,673
733,R,53897,674
734,B,137,675
735,I,25673,676
736,B,2966,677
737,R,53936,678
738,B,92,679
739,I,25513,680
740,B,3104,681
741,R,53920,682
742,B,156,683
743,I,25584,683
744,B,2992,685
745,R,53529,685
746,B,96,686
747,I,25724,687
748,B,2768,688
749,R,53456,689
750,B,70,690
751,I,25760,691
752,B,2988,692
753,R,54166,693
754,B,76,694
755,I,25129,695
756,B,2956,696
757,R,53654,697
758,B,76,698
759,I,25606,699
760,B,3008,700
761,R,53977,701
762,B,64,702
763,I,25801,702
764,B,3033,703
765,R,54345,704
766,B,105,705
767,I,25427,706
768,B,3187,707
769,R,53987,708
770,B,73,709
771,I,25561,710
772,B,2896,711
773,R,53510,712
774,B,124,713
775,I,25836,714
776,B,2918,715
777,R,54064,716
778,B,73,717
779,I,25932,718
780,B,2892,719
781,R,54028,720
782,B,160,721
783,I,25571,721
784,B,3040,722
785,R,53728,723
786,B,115,724
787,I,25622,725
788,B,2915,726
789,R,54291,727
790,B,57,728
791,I,25446,729
792,B,2864,730
793,R,54003,731
794,B,67,732
795,I,25500,733
796,B,2998,734
797,R,53865,735
798,B,73,736
799,I,25667,737
800,B,3024,738
801,R,54105,739
802,B,70,740
803,I,25408,740
804,B,2854,741
805,R,53875,742
806,B,44,743
807,I,25536,744
808,B,3088,745
809,R,53843,746
810,B,73,747
811,I,25510,748
812,B,2896,749
813,R,54294,750
814,B,185,751
815,I,25718,752
816,B,2908,753
817,R,53830,754
818,B,73,755
819,I,25523,756
820,B,2844,757
821,R,53542,758
822,B,57,759
823,I,25548,759
824,B,2899,760
825,R,54099,761
826,B,80,762
827,I,25660,763
828,B,3011,764
829,R,54259,765
830,B,80,766
831,I,25430,767
832,B,2944,768
833,R,53769,769
834,B,60,770
835,I,25587,771
836,B,2992,772
837,R,54022,773
838,B,86,774
839,I,25427,774
840,B,2902,775
841,R,54070,776
842,B,153,777
843,I,25792,778
844,B,2937,779
845,R,53689,780
846,B,76,781
847,I,25532,782
848,B,2860,783
849,R,54169,784
850,B,57,785
851,I,25609,786
852,B,2960,787
853,R,54060,788
854,B,153,789
855,I,25686,790
856,B,2892,791
857,R,54124,792
858,B,96,793
859,I,25344,793
860,B,2838,794
861,R,53574,795
862,B,67,796
863,I,25497,797
864,B,3062,798
865,R,53932,799
866,B,80,800
867,I,25584,801
868,B,2937,802
869,R,54288,803
870,B,300,804
871,I,25708,805
872,B,2873,806
873,R,53888,807
874,B,80,808
875,I,25548,809
876,B,2934,810
877,R,53721,811
878,B,108,812
879,I,25475,812
880,B,2723,814
881,R,53961,814
882,B,259,815
883,I,25740,816
884,B,2832,817
885,R,53801,818
886,B,60,819
887,I,25952,820
888,B,2854,821
889,R,53996,822
890,B,86,823
891,I,25619,824
892,B,2944,825
893,R,53737,826
894,B,121,827
895,I,25340,828
896,B,2982,829
897,R,54025,830
898,B,208,831
899,I,25603,832
900,B,2931,833
901,R,53600,834
902,B,57,835
903,I,25564,835
904,B,2985,836
905,R,53744,837
906,B,51,838
907,I,25542,839
908,B,2934,840
909,R,53996,841
910,B,86,842
911,I,25504,843
912,B,2924,844
913,R,53756,845
914,B,76,846
915,I,25568,847
916,B,3203,848
917,R,53913,849
918,B,92,850
919,I,25606,850
920,B,3008,851
921,R,53952,852
922,B,268,853
923,I,25532,854
924,B,2982,855
925,R,53388,856
926,B,227,857
927,I,25622,858
928,B,2992,859
929,R,53811,860
930,B,80,861
931,I,25648,862
932,B,3113,863
933,R,53926,864
934,B,83,865
935,I,25804,866
936,B,3027,867
937,R,53987,868
938,B,131,869
939,I,25728,870
940,B,2963,871
941,R,53939,872
942,B,96,873
943,I,25606,873
944,B,2969,874
945,R,53945,875
946,B,131,876
947,I,25724,877
948,B,2969,878
949,R,54294,879
950,B,80,880
951,I,25574,881
952,B,2912,882
953,R,53670,883
954,B,112,884
955,I,25532,885
956,B,2864,886
957,R,54028,887
958,B,73,888
959,I,25209,889
960,B,2985,890
961,R,54160,891
962,B,118,892
963,I,25465,892
964,B,3132,893
965,R,54022,894
966,B,134,895
967,I,25459,896
968,B,3008,897
969,R,53971,898
970,B,112,899
971,I,25449,900
972,B,2896,901
973,R,54025,902
974,B,70,903
975,I,25286,904
976,B,2832,905
977,R,53798,906
978,B,121,907
979,I,25404,908
980,B,2924,909
981,R,53648,910
982,B,246,911
983,I,25616,912
984,B,2966,913
985,R,53990,914
986,B,51,915
987,I,25676,915
988,B,2835,916
989,R,54012,917
990,B,105,918
991,I,25625,919
992,B,2912,920
993,R,53923,921
994,B,230,922
995,I,25344,923
996,B,2892,924
997,R,53641,925
998,B,96,926
999,I,25542,927
1000,B,2937,928
1001,R,53804,929
1002,B,76,930
1003,I,25673,931
1004,B,2940,932
1005,R,54009,933
1006,B,96,934
1007,I,25577,934
1008,B,2928,935
1009,R,53747,936
1010,B,67,937
1011,I,25539,938
1012,B,2883,939
1013,R,53324,940
1014,B,60,941
1015,I,25606,942
1016,B,3081,943
1017,R,54124,944
1018,B,80,945
1019,I,25465,946
1020,B,2979,947
1021,R,53664,948
1022,B,220,949
1023,I,25702,950
1024,B,2995,951
1025,R,53804,952
1026,B,105,953
1027,I,25622,953
1028,B,2947,955
1029,R,53731,955
1030,B,54,956
1031,I,25484,957
1032,B,2953,958
1033,R,53849,959
1034,B,249,960
1035,I,25753,961
1036,B,2979,962
1037,R,54268,963
1038,B,185,964
1039,I,25712,965
1040,B,2841,966
1041,R,53724,967
1042,B,105,968
1043,I,25667,969
1044,B,2947,970
1045,R,53772,971
1046,B,86,972
1047,I,25427,973
1048,B,2912,974
1049,R,54099,975
1050,B,96,976
1051,I,25600,976
1052,B,2956,977
1053,R,53753,978
1054,B,76,979
1055,I,25756,980
1056,B,2988,981
1057,R,54172,982
1058,B,112,983
1059,I,25657,984
1060,B,3008,985
1061,R,53987,986
1062,B,83,987
1063,I,25376,988
1064,B,2896,989
1065,R,53564,990
1066,B,92,991
1067,I,25436,992
1068,B,2940,993
1069,R,53692,994
1070,B,128,995
1071,I,25657,995
1072,B,3017,996
1073,R,54051,997
1074,B,121,998
1075,I,25244,999
1076,B,3116,1000
1077,R,57049,1001
1078,B,76,1002
1079,I,25462,1003
1080,B,2857,1004
1081,R,57270,1005
1082,B,70,1007
1083,I,25692,1007
1084,B,2928,1009
1085,R,57254,1010
1086,B,89,1011
1087,I,25705,1012
1088,B,2774,1013
1089,R,56928,1014
1090,B,83,1015
1091,I,25766,1016
1092,B,3008,1017
1093,R,56985,1018
1094,B,0,1019
1095,I,25308,1020
1096,B,2854,1021
1097,R,57161,1022
1098,B,105,1023
1099,I,25699,1024
1100,B,3072,1025
1101,R,57475,1026
1102,B,99,1027
1103,I,25516,1028
1104,B,3059,1029
1105,R,57555,1030
1106,B,19,1031
1107,I,25689,1032
1108,B,3020,1033
1109,R,57552,1034
1110,B,80,1035
1111,I,25401,1036
1112,B,2809,1037
1113,R,57260,1038
1114,B,83,1039
1115,I,25504,1040
1116,B,2768,1041
1117,R,57222,1042
1118,B,147,1044
1119,I,25846,1045
1120,B,2982,1046
1121,R,57481,1047
1122,B,128,1048
1123,I,25628,1049
1124,B,2915,1050
1125,R,57184,1051
1126,B,70,1052
1127,I,25497,1053
1128,B,2857,1054
1129,R,57184,1055
1130,B,76,1056
1131,I,25340,1057
1132,B,3113,1058
1133,R,57622,1059
1134,B,96,1060
1135,I,25747,1061
1136,B,3120,1062
1137,R,57152,1063
1138,B,144,1064
1139,I,25644,1065
1140,B,2998,1066
1141,R,57606,1067
1142,B,70,1069
1143,I,25628,1069
1144,B,2985,1070
1145,R,57270,1072
1146,B,96,1073
1147,I,25616,1073
1148,B,2988,1075
1149,R,57398,1076
1150,B,83,1077
1151,I,25763,1078
1152,B,2972,1079
1153,R,57161,1080
1154,B,57,1081
1155,I,25760,1082
1156,B,2937,1083
1157,R,56918,1084
1158,B,60,1085
1159,I,25622,1086
1160,B,3078,1087
1161,R,57126,1088
1162,B,60,1089
1163,I,25564,1090
1164,B,2982,1091
1165,R,57104,1092
1166,B,204,1093
1167,I,25715,1094
1168,B,3155,1095
1169,R,57555,1096
1170,B,76,1097
1171,I,25977,1098
1172,B,2953,1099
1173,R,57308,1100
1174,B,99,1102
1175,I,25728,1102
1176,B,2918,1103
1177,R,57017,1105
1178,B,54,1106
1179,I,25494,1106
1180,B,2889,1108
1181,R,56790,1109
1182,B,51,1110
1183,I,25443,1111
1184,B,3052,1112
1185,R,57619,1113
1186,B,35,1114
1187,I,25401,1115
1188,B,3030,1116
1189,R,57334,1117
1190,B,73,1118
1191,I,25472,1119
1192,B,3126,1120
1193,R,57212,1121
1194,B,67,1122
1195,I,25331,1123
1196,B,2947,1124
1197,R,57379,1125
1198,B,108,1126
1199,I,25603,1127
1200,B,2896,1128
1201,R,57484,1129
1202,B,73,1130
1203,I,25446,1131
1204,B,2726,1132
1205,R,57424,1133
1206,B,83,1135
1207,I,25619,1135
1208,B,2931,1136
1209,R,57084,1138
1210,B,89,1139
1211,I,25526,1139
1212,B,3100,1141
1213,R,56947,1142
1214,B,92,1143
1215,I,25596,1144
1216,B,3084,1145
1217,R,57532,1146
1218,B,92,1147
1219,I,25715,1148
1220,B,2960,1149
1221,R,57475,1150
1222,B,176,1151
1223,I,25644,1152
1224,B,2912,1153
1225,R,57401,1154
1226,B,102,1155
1227,I,25782,1156
1228,B,2944,1157
1229,R,57244,1158
1230,B,256,1159
1231,I,25856,1160
1232,B,3004,1161
1233,R,57075,1162
1234,B,102,1164
1235,I,25788,1165
1236,B,2912,1166
1237,R,57273,1167
1238,B,76,1168
1239,I,25731,1169
1240,B,2940,1170
1241,R,57299,1171
1242,B,48,1172
1243,I,25468,1173
1244,B,3171,1174
1245,R,57571,1175
1246,B,0,1176
1247,I,25648,1177
1248,B,3020,1178
1249,R,57177,1179
1250,B,118,1180
1251,I,25705,1181
1252,B,3027,1182
1253,R,57500,1183
1254,B,96,1184
1255,I,25558,1185
1256,B,2729,1186
1257,R,56998,1187
1258,B,176,1188
1259,I,25603,1189
1260,B,2976,1190
1261,R,57350,1191
1262,B,89,1193
1263,I,25926,1193
1264,B,2892,1195
1265,R,57401,1196
1266,B,64,1197
1267,I,25798,1198
1268,B,2940,1199
1269,R,56947,1200
1270,B,105,1201
1271,I,25625,1202
1272,B,2988,1203
1273,R,56688,1204
1274,B,118,1205
1275,I,25462,1206
1276,B,3062,1207
1277,R,57356,1208
1278,B,121,1209
1279,I,25660,1210
1280,B,2985,1211
1281,R,57129,1212
1282,B,147,1213
1283,I,25526,1214
1284,B,3084,1215
1285,R,57350,1216
1286,B,204,1218
1287,I,25532,1219
1288,B,3062,1220
1289,R,57155,1221
1290,B,96,1222
1291,I,25667,1223
1292,B,2905,1224
1293,R,57033,1225
1294,B,92,1226
1295,I,25676,1227
1296,B,3056,1228
1297,R,57558,1229
1298,B,124,1230
1299,I,25456,1231
1300,B,2982,1232
1301,R,57529,1233
1302,B,48,1234
1303,I,25392,1235
1304,B,3020,1236
1305,R,57388,1237
1306,B,115,1238
1307,I,25443,1239
1308,B,2934,1240
1309,R,57552,1241
1310,B,96,1243
1311,I,25520,1243
1312,B,3024,1244
1313,R,57526,1246
1314,B,99,1247
1315,I,25686,1247
1316,B,2982,1249
1317,R,57027,1250
1318,B,182,1251
1319,I,25363,1252
1320,B,2998,1253
1321,R,57388,1254
1322,B,153,1255
1323,I,25491,1256
1324,B,2928,1257
1325,R,57190,1258
1326,B,102,1259
1327,I,25526,1260
1328,B,2771,1261
1329,R,57337,1262
1330,B,96,1263
1331,I,25283,1264
1332,B,2905,1265
1333,R,57376,1266
1334,B,80,1267
1335,I,25430,1268
1336,B,2953,1269
1337,R,57148,1270
1338,B,115,1272
1339,I,25696,1273
1340,B,2940,1274
1341,R,57545,1275
1342,B,99,1276
1343,I,25574,1277
1344,B,2899,1278
1345,R,57360,1279
1346,B,198,1280
1347,I,25443,1281
1348,B,3123,1282
1349,R,56979,1283
1350,B,70,1284
1351,I,25395,1285
1352,B,2889,1286
1353,R,57152,1287
1354,B,102,1288
1355,I,25241,1289
1356,B,2982,1290
1357,R,57379,1291
1358,B,89,1292
1359,I,25446,1293
1360,B,2934,1294
1361,R,57395,1295
1362,B,76,1297
1363,I,25587,1297
1364,B,2992,1298
1365,R,57254,1300
1366,B,76,1301
1367,I,25430,1301
1368,B,2998,1303
1369,R,57238,1304
1370,B,57,1305
1371,I,25376,1306
1372,B,2979,1307
1373,R,57296,1308
1374,B,86,1309
1375,I,25635,1310
1376,B,2976,1311
1377,R,56809,1312
1378,B,364,1313
1379,I,25513,1314
1380,B,3008,1315
1381,R,57356,1316
1382,B,102,1317
1383,I,25347,1318
1384,B,2825,1319
1385,R,56985,1320
1386,B,214,1321
1387,I,25494,1322
1388,B,2876,1323
1389,R,57158,1324
1390,B,124,1326
1391,I,25555,1327
1392,B,2969,1328
1393,R,57216,1329
1394,B,0,1330
1395,I,25513,1331
1396,B,2928,1332
1397,R,57203,1333
1398,B,86,1334
1399,I,25436,1335
1400,B,2950,1336
1401,R,56876,1337
1402,B,182,1338
1403,I,25401,1339
1404,B,3008,1340
1405,R,57452,1341
1406,B,185,1342
1407,I,25328,1343
1408,B,2960,1344
1409,R,57366,1345
1410,B,137,1346
1411,I,25616,1347
1412,B,2972,1348
1413,R,57158,1349
1414,B,124,1351
1415,I,25392,1351
1416,B,2963,1353
1417,R,57251,1354
1418,B,99,1355
1419,I,25433,1356
1420,B,2972,1357
1421,R,56934,1358
1422,B,89,1359
1423,I,25296,1360
1424,B,2915,1361
1425,R,57452,1362
1426,B,89,1363
1427,I,25404,1364
1428,B,2950,1365
1429,R,57228,1366
1430,B,115,1367
1431,I,25254,1368
1432,B,2992,1369
1433,R,57436,1370
1434,B,99,1371
1435,I,25446,1372
1436,B,3014,1373
1437,R,57123,1374
1438,B,115,1375
1439,I,25424,1376
1440,B,2752,1377
1441,R,57174,1378
1442,B,128,1380
1443,I,25532,1381
1444,B,3091,1382
1445,R,57228,1383
1446,B,112,1384
1447,I,25542,1385
1448,B,2745,1386
1449,R,56921,1387
1450,B,144,1388
1451,I,25500,1389
1452,B,2883,1390
1453,R,56928,1391
1454,B,131,1392
1455,I,25664,1393
1456,B,2790,1394
1457,R,56988,1395
1458,B,96,1396
1459,I,25513,1397
1460,B,2940,1398
1461,R,57014,1399
1462,B,0,1400
1463,I,25296,1401
1464,B,2956,1402
1465,R,57078,1403
1466,B,182,1405
1467,I,25340,1405
1468,B,3203,1407
1469,R,57241,1408
1470,B,89,1409
1471,I,25712,1410
1472,B,2908,1411
1473,R,57180,1412
1474,B,281,1413
1475,I,25670,1414
1476,B,2998,1415
1477,R,57152,1416
1478,B,89,1417
1479,I,25385,1418
1480,B,3036,1419
1481,R,56985,1420
1482,B,83,1421
1483,I,25270,1422
1484,B,3001,1423
1485,R,57360,1424
1486,B,112,1425
1487,I,25257,1426
1488,B,2937,1427
1489,R,57212,1428
1490,B,0,1429
1491,I,25388,1430
1492,B,2976,1431
1493,R,57353,1432
1494,B,54,1433
1495,I,25372,1434
1496,B,2864,1435
1497,R,57065,1436
1498,B,246,1438
1499,I,25299,1439
1500,B,2889,1440
1501,R,57516,1441
1502,B,131,1442
1503,I,25280,1443
1504,B,2969,1444
1505,R,57443,1445
1506,B,105,1446
1507,I,25545,1447
1508,B,2921,1448
1509,R,56908,1449
1510,B,73,1450
1511,I,25257,1451
1512,B,2918,1452
1513,R,57139,1453
1514,B,128,1454
1515,I,25488,1455
1516,B,3017,1456
1517,R,56972,1457
1518,B,83,1459
1519,I,25507,1459
1520,B,3081,1460
1521,R,57100,1462
1522,B,86,1463
1523,I,25360,1463
1524,B,2928,1465
1525,R,57315,1466
1526,B,80,1467
1527,I,25158,1468
1528,B,2915,1469
1529,R,57344,1470
1530,B,115,1471
1531,I,25395,1472
1532,B,2985,1473
1533,R,57516,1474
1534,B,128,1475
1535,I,25433,1476
1536,B,2886,1477
1537,R,57411,1478
1538,B,140,1479
1539,I,25324,1480
1540,B,3059,1481
1541,R,57177,1482
1542,B,70,1483
1543,I,25315,1484
1544,B,2700,1485
1545,R,57132,1486
1546,B,76,1488
1547,I,25510,1488
1548,B,2979,1490
1549,R,57129,1491
1550,B,108,1492
1551,I,25468,1493
1552,B,3020,1494
1553,R,57414,1495
1554,B,86,1496
1555,I,25366,1497
1556,B,3075,1498
1557,R,57366,1499
1558,B,60,1500
1559,I,25321,1501
1560,B,3017,1502
1561,R,57212,1503
1562,B,96,1504
1563,I,25670,1505
1564,B,2854,1506
1565,R,57206,1507
1566,B,188,1508
1567,I,25808,1509
1568,B,2924,1510
1569,R,57283,1511
1570,B,99,1512
1571,I,25600,1513
1572,B,2979,1514
1573,R,57289,1515
1574,B,86,1517
1575,I,25539,1517
1576,B,2896,1519
1577,R,57459,1520
1578,B,102,1521
1579,I,25241,1522
1580,B,2985,1523
1581,R,57171,1524
1582,B,0,1525
1583,I,25708,1526
1584,B,2947,1527
1585,R,57024,1528
1586,B,115,1529
1587,I,25676,1530
1588,B,3068,1531
1589,R,57222,1532
1590,B,92,1533
1591,I,25564,1534
1592,B,2924,1535
1593,R,57222,1536
1594,B,188,1537
1595,I,25561,1538
1596,B,2988,1539
1597,R,57110,1540
1598,B,86,1541
1599,I,25852,1542
1600,B,2889,1543
1601,R,57145,1544
1602,B,128,1546
1603,I,25504,1546
1604,B,2870,1548
1605,R,57408,1549
1606,B,105,1550
1607,I,25420,1551
1608,B,2828,1552
1609,R,56873,1553
1610,B,121,1554
1611,I,25174,1555
1612,B,2915,1556
1613,R,57180,1557
1614,B,204,1558
1615,I,25404,1559
1616,B,3212,1560
1617,R,57273,1561
1618,B,102,1562
1619,I,25465,1563
1620,B,3020,1564
1621,R,57100,1565
1622,B,108,1567
1623,I,25232,1567
1624,B,3129,1569
1625,R,56928,1570
1626,B,185,1571
1627,I,25401,1572
1628,B,3008,1573
1629,R,57004,1574
1630,B,19,1575
1631,I,25734,1576
1632,B,2992,1577
1633,R,57251,1578
1634,B,96,1579
1635,I,25577,1580
1636,B,2912,1581
1637,R,57113,1582
1638,B,67,1583
1639,I,25171,1584
1640,B,2876,1585
1641,R,57235,1586
1642,B,44,1587
1643,I,25510,1588
1644,B,2876,1589
1645,R,57216,1590
1646,B,86,1591
1647,I,25308,1592
1648,B,3001,1593
1649,R,57302,1594
1650,B,128,1595
1651,I,25532,1596
1652,B,2857,1598
1653,R,57382,1599
1654,B,73,1600
1655,I,25337,1601
1656,B,3011,1602
1657,R,57398,1603
1658,B,134,1604
1659,I,25392,1605
1660,B,2976,1606
1661,R,57443,1607
1662,B,188,1608
1663,I,25353,1609
1664,B,2800,1610
1665,R,57411,1611
1666,B,214,1612
1667,I,25392,1613
1668,B,2870,1614
1669,R,57116,1615
1670,B,48,1616
1671,I,25382,1617
1672,B,2902,1618
1673,R,57190,1619
1674,B,118,1621
1675,I,25296,1621
1676,B,2944,1623
1677,R,57353,1624
1678,B,112,1625
1679,I,25456,1626
1680,B,2956,1627
1681,R,57142,1628
1682,B,115,1629
1683,I,25497,1630
1684,B,3059,1631
1685,R,56883,1632
1686,B,92,1633
1687,I,25612,1634
1688,B,3030,1635
1689,R,57027,1636
1690,B,67,1637
1691,I,25436,1638
1692,B,2832,1639
1693,R,56899,1640
1694,B,60,1641
1695,I,25430,1642
1696,B,2918,1643
1697,R,57315,1644
1698,B,160,1645
1699,I,25568,1646
1700,B,2947,1648
1701,R,57126,1649
1702,B,83,1650
1703,I,25696,1651
1704,B,2931,1652
1705,R,57184,1653
1706,B,67,1654
1707,I,25452,1655
1708,B,2985,1656
1709,R,57075,1657
1710,B,76,1658
1711,I,25433,1659
1712,B,3139,1660
1713,R,57548,1661
1714,B,86,1662
1715,I,25513,1663
1716,B,3056,1664
1717,R,57465,1665
1718,B,166,1666
1719,I,25372,1667
1720,B,2998,1668
1721,R,57452,1669
1722,B,57,1670
1723,I,25449,1671
1724,B,2870,1672
1725,R,57232,1673
1726,B,118,1674
1727,I,25673,1675
1728,B,2886,1676
1729,R,57424,1678
1730,B,41,1679
1731,I,25385,1679
1732,B,2880,1681
1733,R,57068,1682
1734,B,64,1683
1735,I,25283,1684
1736,B,3052,1685
1737,R,57244,1686
1738,B,108,1687
1739,I,25382,1688
1740,B,2931,1689
1741,R,57392,1690
1742,B,60,1691
1743,I,25372,1692
1744,B,3062,1693
1745,R,57670,1694
1746,B,121,1695
1747,I,25548,1696
1748,B,2966,1697
1749,R,57382,1698
1750,B,108,1699
1751,I,25424,1700
1752,B,2844,1701
1753,R,57225,1702
1754,B,102,1704
1755,I,25520,1705
1756,B,2886,1706
1757,R,56838,1707
1758,B,118,1708
1759,I,25660,1709
1760,B,2928,1710
1761,R,56668,1711
1762,B,105,1712
1763,I,25750,1713
1764,B,2998,1714
1765,R,56796,1715
1766,B,102,1716
1767,I,25705,1717
1768,B,3129,1718
1769,R,56633,1719
1770,B,80,1720
1771,I,25542,1721
1772,B,3094,1722
1773,R,56518,1723
1774,B,96,1724
1775,I,25433,1725
1776,B,3056,1726
1777,R,57414,1727
1778,B,73,1729
1779,I,25363,1729
1780,B,2937,1731
1781,R,57264,1732
1782,B,22,1733
1783,I,25401,1734
1784,B,2915,1735
1785,R,56940,1736
1786,B,246,1737
1787,I,25648,1738
1788,B,2899,1739
1789,R,56803,1740
1790,B,92,1741
1791,I,25619,1742
1792,B,2896,1743
1793,R,57411,1744
1794,B,89,1745
1795,I,25430,1746
1796,B,2854,1747
1797,R,57500,1748
1798,B,64,1749
1799,I,25459,1750
1800,B,2982,1751
1801,R,56915,1752
1802,B,102,1753
1803,I,25548,1754
1804,B,3052,1755
1805,R,57062,1756
1806,B,96,1758
1807,I,25619,1758
1808,B,2771,1760
1809,R,57443,1761
1810,B,86,1762
1811,I,25360,1763
1812,B,3011,1764
1813,R,57472,1765
1814,B,108,1766
1815,I,25478,1767
1816,B,2928,1768
1817,R,57427,1769
1818,B,73,1770
1819,I,25478,1771
1820,B,2793,1772
1821,R,57241,1773
1822,B,86,1774
1823,I,25587,1775
1824,B,2918,1776
1825,R,57318,1777
1826,B,83,1778
1827,I,25459,1779
1828,B,2896,1780
1829,R,57062,1781
1830,B,96,1782
1831,I,25308,1783
1832,B,2912,1784
1833,R,57449,1785
1834,B,156,1786
1835,I,25436,1787
1836,B,2825,1789
1837,R,57052,1790
1838,B,176,1791
1839,I,25264,1792
1840,B,2976,1793
1841,R,57574,1794
1842,B,112,1795
1843,I,25705,1796
1844,B,2912,1797
1845,R,57286,1798
1846,B,86,1799
1847,I,25443,1800
1848,B,2848,1801
1849,R,57411,1802
1850,B,150,1803
1851,I,25449,1804
1852,B,2950,1805
1853,R,57225,1806
1854,B,80,1807
1855,I,25424,1808
1856,B,2870,1809
1857,R,57404,1810
1858,B,83,1811
1859,I,25443,1812
1860,B,2928,1813
1861,R,57184,1814
1862,B,89,1816
1863,I,25372,1816
1864,B,2860,1818
1865,R,57379,1819
1866,B,147,1820
1867,I,25603,1821
1868,B,3110,1822
1869,R,57264,1823
1870,B,112,1824
1871,I,25360,1825
1872,B,2672,1826
1873,R,57296,1827
1874,B,140,1828
1875,I,25481,1829
1876,B,2969,1830
1877,R,57219,1831
1878,B,105,1832
1879,I,25542,1833
1880,B,2662,1834
1881,R,56972,1835
1882,B,150,1837
1883,I,25456,1837
1884,B,2828,1839
1885,R,56774,1840
1886,B,108,1841
1887,I,25510,1842
1888,B,2886,1843
1889,R,56940,1844
1890,B,99,1845
1891,I,25331,1846
1892,B,3043,1847
1893,R,56995,1848
1894,B,9,1849
1895,I,25158,1850
1896,B,3104,1851
1897,R,57273,1852
1898,B,278,1853
1899,I,25344,1854
1900,B,3094,1855
1901,R,57177,1856
1902,B,67,1857
1903,I,25468,1858
1904,B,2950,1859
1905,R,57084,1860
1906,B,240,1861
1907,I,25692,1862
1908,B,2966,1863
1909,R,57235,1864
1910,B,83,1866
1911,I,25446,1866
1912,B,2992,1868
1913,R,56896,1869
1914,B,73,1870
1915,I,25244,1871
1916,B,2960,1872
1917,R,57334,1873
1918,B,92,1874
1919,I,25433,1875
1920,B,2876,1876
1921,R,57324,1877
1922,B,76,1878
1923,I,25529,1879
1924,B,2883,1880
1925,R,57020,1881
1926,B,80,1882
1927,I,25510,1883
1928,B,2944,1884
1929,R,56905,1885
1930,B,265,1886
1931,I,25347,1887
1932,B,2889,1888
1933,R,57251,1889
1934,B,185,1890
1935,I,25414,1891
1936,B,3059,1892
1937,R,57209,1893
1938,B,80,1895
1939,I,25654,1895
1940,B,2873,1897
1941,R,57123,1898
1942,B,67,1899
1943,I,25395,1900
1944,B,2819,1901
1945,R,57024,1902
1946,B,83,1903
1947,I,25459,1904
1948,B,2838,1905
1949,R,56918,1906
1950,B,89,1907
1951,I,25276,1908
1952,B,2976,1909
1953,R,57129,1910
1954,B,86,1911
1955,I,25552,1912
1956,B,2915,1913
1957,R,57200,1914
1958,B,89,1915
1959,I,25558,1916
1960,B,2844,1917
1961,R,56684,1918
1962,B,233,1919
1963,I,25526,1920
1964,B,2720,1921
1965,R,56563,1922
1966,B,89,1923
1967,I,25443,1924
1968,B,2953,1925
1969,R,56524,1926
1970,B,51,1928
1971,I,25363,1928
1972,B,2819,1930
1973,R,56848,1931
1974,B,105,1932
1975,I,25216,1933
1976,B,3286,1934
1977,R,56748,1935
1978,B,76,1936
1979,I,25193,1937
1980,B,2905,1938
1981,R,56668,1939
1982,B,217,1940
1983,I,25404,1941
1984,B,3251,1942
1985,R,56841,1943
1986,B,73,1944
1987,I,25507,1945
1988,B,2915,1946
1989,R,56924,1947
1990,B,144,1948
1991,I,25590,1949
1992,B,2812,1950
1993,R,56448,1951
1994,B,54,1952
1995,I,25257,1953
1996,B,2777,1954
1997,R,56780,1955
1998,B,92,1957
1999,I,25276,1957
2000,B,2963,1959
2001,R,57270,1960
2002,B,105,1961
2003,I,25536,1962
2004,B,2899,1963
2005,R,57158,1964
2006,B,60,1965
2007,I,25216,1966
2008,B,2956,1967
2009,R,56889,1968
2010,B,83,1969
2011,I,25193,1970
2012,B,2937,1971
2013,R,56992,1972
2014,B,137,1973
2015,I,25529,1974
2016,B,2915,1975
2017,R,57219,1976
2018,B,112,1977
2019,I,25424,1978
2020,B,2979,1979
2021,R,56902,1980
2022,B,105,1982
2023,I,25539,1982
2024,B,2812,1984
2025,R,56729,1985
2026,B,262,1986
2027,I,25353,1987
2028,B,2915,1988
2029,R,56678,1989
2030,B,99,1990
2031,I,25369,1991
2032,B,2988,1992
2033,R,56995,1993
2034,B,131,1994
2035,I,25452,1995
2036,B,2889,1996
2037,R,57286,1997
2038,B,92,1998
2039,I,25350,1999
2040,B,3068,2000
2041,R,56700,2001
2042,B,67,2002
2043,I,25267,2003
2044,B,3241,2004
2045,R,56659,2005
2046,B,96,2006
2047,I,25452,2007
2048,B,2969,2008
2049,R,56825,2009
2050,B,102,2011
2051,I,25500,2012
2052,B,2992,2013
2053,R,57036,2014
2054,B,99,2015
2055,I,25568,2016
2056,B,2848,2017
2057,R,56950,2018
2058,B,96,2019
2059,I,25404,2020
2060,B,2905,2021
2061,R,56630,2022
2062,B,115,2023
2063,I,25417,2024
2064,B,3040,2025
2065,R,56598,2026
2066,B,80,2027
2067,I,25232,2028
2068,B,2995,2029
2069,R,57113,2030
2070,B,32,2031
2071,I,25257,2032
2072,B,2992,2033
2073,R,57046,2034
2074,B,128,2035
2075,I,25414,2036
2076,B,2912,2038
2077,R,56956,2039
2078,B,294,2040
2079,I,25385,2041
2080,B,3132,2042
2081,R,57091,2043
2082,B,121,2044
2083,I,25606,2045
2084,B,2867,2046
2085,R,57110,2047
2086,B,281,2048
2087,I,25510,2049
2088,B,2848,2050
2089,R,56844,2051
2090,B,118,2052
2091,I,25334,2053
2092,B,2892,2054
2093,R,57068,2055
2094,B,0,2056
2095,I,25609,2057
2096,B,2867,2058
2097,R,56953,2059
2098,B,108,2060
2099,I,25673,2061
2100,B,2918,2063
2101,R,56844,2064
2102,B,112,2065
2103,I,25638,2066
2104,B,2883,2067
2105,R,56656,2068
2106,B,124,2069
2107,I,25328,2070
2108,B,2988,2071
2109,R,56928,2072
2110,B,92,2073
2111,I,25462,2074
2112,B,2876,2075
2113,R,57203,2076
2114,B,134,2077
2115,I,25580,2078
2116,B,2918,2079
2117,R,57456,2080
2118,B,108,2081
2119,I,25347,2082
2120,B,2902,2083
2121,R,56944,2084
2122,B,150,2086
2123,I,25171,2087
2124,B,2899,2088
2125,R,57097,2089
2126,B,105,2090
2127,I,25257,2091
2128,B,3017,2092
2129,R,57302,2093
2130,B,92,2094
2131,I,25446,2095
2132,B,2848,2096
2133,R,57353,2097
2134,B,188,2098
2135,I,25184,2099
2136,B,3129,2100
2137,R,57088,2101
2138,B,163,2102
2139,I,25286,2103
2140,B,3123,2104
2141,R,56928,2105
2142,B,102,2107
2143,I,25545,2107
2144,B,2940,2109
2145,R,56771,2110
2146,B,140,2111
2147,I,25433,2112
2148,B,2876,2113
2149,R,56915,2114
2150,B,115,2115
2151,I,25545,2116
2152,B,2912,2117
2153,R,56595,2118
2154,B,281,2119
2155,I,25686,2120
2156,B,2880,2121
2157,R,56611,2122
2158,B,124,2123
2159,I,25488,2124
2160,B,2896,2125
2161,R,56979,2126
2162,B,121,2128
2163,I,25632,2128
2164,B,2841,2130
2165,R,56905,2131
2166,B,144,2132
2167,I,25120,2133
2168,B,2960,2134
2169,R,57033,2135
2170,B,131,2136
2171,I,25433,2137
2172,B,2969,2138
2173,R,56969,2139
2174,B,128,2140
2175,I,25212,2141
2176,B,3014,2142
2177,R,57030,2143
2178,B,163,2144
2179,I,25510,2145
2180,B,3014,2146
2181,R,56860,2147
2182,B,124,2149
2183,I,25654,2149
2184,B,3001,2151
2185,R,56633,2152
2186,B,115,2153
2187,I,25504,2154
2188,B,2902,2155
2189,R,56544,2156
2190,B,172,2157
2191,I,25680,2158
2192,B,2880,2159
2193,R,56649,2160
2194,B,96,2161
2195,I,25548,2162
2196,B,2940,2163
2197,R,56640,2164
2198,B,124,2165
2199,I,25488,2166
2200,B,2870,2167
2201,R,56806,2168
2202,B,0,2169
2203,I,25324,2170
2204,B,2896,2171
2205,R,56825,2172
2206,B,89,2173
2207,I,25488,2174
2208,B,2972,2175
2209,R,56937,2176
2210,B,265,2178
2211,I,25510,2179
2212,B,2867,2180
2213,R,57011,2181
2214,B,252,2182
2215,I,25504,2183
2216,B,2944,2184
2217,R,56691,2185
2218,B,76,2186
2219,I,25414,2187
2220,B,2873,2188
2221,R,56787,2189
2222,B,60,2190
2223,I,25420,2191
2224,B,2985,2192
2225,R,57180,2193
2226,B,89,2194
2227,I,25558,2195
2228,B,2947,2196
2229,R,56809,2197
2230,B,83,2198
2231,I,25216,2199
2232,B,2892,2200
2233,R,56950,2201
2234,B,67,2202
2235,I,25171,2203
2236,B,3088,2204
2237,R,57270,2205
2238,B,80,2207
2239,I,25177,2207
2240,B,2816,2209
2241,R,57292,2210
2242,B,217,2211
2243,I,25529,2212
2244,B,3052,2213
2245,R,57046,2214
2246,B,112,2215
2247,I,25324,2216
2248,B,2947,2217
2249,R,56918,2218
2250,B,108,2219
2251,I,25500,2220
2252,B,2828,2221
2253,R,56793,2222
2254,B,150,2223
2255,I,25472,2224
2256,B,3011,2225
2257,R,56684,2226
2258,B,83,2227
2259,I,25452,2228
2260,B,3001,2229
2261,R,56912,2230
2262,B,80,2232
2263,I,25321,2232
2264,B,2992,2234
2265,R,56873,2235
2266,B,67,2236
2267,I,24992,2237
2268,B,2966,2238
2269,R,57417,2239
2270,B,224,2240
2271,I,25273,2241
2272,B,3065,2242
2273,R,57580,2243
2274,B,124,2244
2275,I,25510,2245
2276,B,2876,2246
2277,R,56963,2247
2278,B,73,2248
2279,I,25446,2249
2280,B,2800,2250
2281,R,56969,2251
2282,B,92,2252
2283,I,25280,2253
2284,B,2886,2254
2285,R,57264,2255
2286,B,83,2256
2287,I,25062,2257
2288,B,2992,2258
2289,R,57312,2259
2290,B,108,2261
2291,I,25315,2261
2292,B,2976,2263
2293,R,57552,2264
2294,B,54,2265
2295,I,25302,2266
2296,B,3056,2267
2297,R,57184,2268
2298,B,272,2269
2299,I,25244,2270
2300,B,3001,2271
2301,R,57244,2272
2302,B,73,2273
2303,I,25427,2274
2304,B,2940,2275
2305,R,57308,2276
2306,B,262,2277
2307,I,25440,2278
2308,B,3030,2279
2309,R,57340,2280
2310,B,80,2281
2311,I,25632,2282
2312,B,2921,2283
2313,R,56931,2284
2314,B,99,2285
2315,I,25289,2286
2316,B,3024,2287
2317,R,57385,2288
2318,B,105,2290
2319,I,25331,2291
2320,B,3014,2292
2321,R,57388,2293
2322,B,38,2294
2323,I,25177,2295
2324,B,3094,2296
2325,R,57228,2297
2326,B,96,2298
2327,I,25459,2299
2328,B,2915,2300
2329,R,57113,2301
2330,B,80,2302
2331,I,25264,2303
2332,B,3110,2304
2333,R,57196,2305
2334,B,140,2306
2335,I,25401,2307
2336,B,2953,2308
2337,R,57472,2309
2338,B,198,2310
2339,I,25369,2311
2340,B,2931,2312
2341,R,57036,2313
2342,B,115,2315
2343,I,25449,2315
2344,B,2915,2317
2345,R,57168,2318
2346,B,92,2319
2347,I,25334,2320
2348,B,3004,2321
2349,R,57113,2322
2350,B,99,2323
2351,I,25440,2324
2352,B,3187,2325
2353,R,57024,2326
2354,B,99,2327
2355,I,25465,2328
2356,B,3139,2329
2357,R,57148,2330
2358,B,99,2331
2359,I,25091,2332
2360,B,2905,2333
2361,R,57187,2334
2362,B,163,2335
2363,I,25196,2336
2364,B,2931,2337
2365,R,57260,2338
2366,B,140,2339
2367,I,25196,2340
2368,B,2988,2341
2369,R,57328,2342
2370,B,124,2344
2371,I,25254,2345
2372,B,3017,2346
2373,R,57184,2347
2374,B,80,2348
2375,I,25148,2349
2376,B,2873,2350
2377,R,57238,2351
2378,B,19,2352
2379,I,25299,2353
2380,B,3014,2354
2381,R,57123,2355
2382,B,76,2356
2383,I,25046,2357
2384,B,2982,2358
2385,R,57507,2359
2386,B,99,2360
2387,I,25580,2361
2388,B,2950,2362
2389,R,57180,2363
2390,B,332,2364
2391,I,25318,2365
2392,B,2953,2366
2393,R,57376,2367
2394,B,134,2368
2395,I,25478,2369
2396,B,2883,2371
2397,R,57171,2372
2398,B,227,2373
2399,I,25504,2374
2400,B,2729,2375
2401,R,57273,2376
2402,B,265,2377
2403,I,25404,2378
2404,B,2972,2379
2405,R,57078,2380
2406,B,89,2381
2407,I,25561,2382
2408,B,2953,2383
2409,R,56854,2384
2410,B,102,2385
2411,I,25305,2386
2412,B,2956,2387
2413,R,56838,2388
2414,B,60,2389
2415,I,25302,2390
2416,B,3027,2391
2417,R,57289,2392
2418,B,22,2393
2419,I,25312,2394
2420,B,3209,2395
2421,R,57724,2396
2422,B,99,2398
2423,I,25561,2398
2424,B,2899,2400
2425,R,57392,2401
2426,B,134,2402
2427,I,25491,2403
2428,B,2841,2404
2429,R,57449,2405
2430,B,99,2406
2431,I,25456,2407
2432,B,2736,2408
2433,R,57120,2409
2434,B,160,2410
2435,I,25481,2411
2436,B,2854,2412
2437,R,57264,2413
2438,B,89,2414
2439,I,25497,2415
2440,B,2787,2416
2441,R,57001,2417
2442,B,83,2418
2443,I,25260,2419
2444,B,3024,2420
2445,R,57235,2421
2446,B,89,2422
2447,I,25366,2423
2448,B,2928,2424
2449,R,57225,2425
2450,B,144,2427
2451,I,25456,2428
2452,B,3136,2429
2453,R,57033,2430
2454,B,150,2431
2455,I,25526,2432
2456,B,3104,2433
2457,R,56969,2434
2458,B,83,2435
2459,I,25360,2436
2460,B,2886,2437
2461,R,57254,2438
2462,B,96,2439
2463,I,25344,2440
2464,B,2988,2441
2465,R,57244,2442
2466,B,134,2443
2467,I,25369,2444
2468,B,2886,2445
2469,R,57302,2446
2470,B,89,2447
2471,I,25443,2448
2472,B,2931,2449
2473,R,57420,2450
2474,B,121,2452
2475,I,25603,2452
2476,B,2883,2454
2477,R,57132,2455
2478,B,96,2456
2479,I,25276,2457
2480,B,2905,2458
2481,R,57267,2459
2482,B,102,2460
2483,I,25369,2461
2484,B,3014,2462
2485,R,57200,2463
2486,B,92,2464
2487,I,25324,2465
2488,B,2963,2466
2489,R,57481,2467
2490,B,166,2468
2491,I,25388,2469
2492,B,2803,2470
2493,R,57360,2471
2494,B,150,2472
2495,I,25225,2473
2496,B,2688,2474
2497,R,57206,2475
2498,B,96,2477
2499,I,25564,2477
2500,B,2691,2479
2501,R,57529,2480
2502,B,108,2481
2503,I,25548,2482
2504,B,2915,2483
2505,R,57203,2484
2506,B,96,2485
2507,I,25385,2486
2508,B,2867,2487
2509,R,56969,2488
2510,B,60,2489
2511,I,25296,2490
2512,B,2864,2491
2513,R,57356,2492
2514,B,150,2493
2515,I,25084,2494
2516,B,3068,2495
2517,R,57507,2496
2518,B,41,2497
2519,I,25328,2498
2520,B,2886,2499
2521,R,57443,2500
2522,B,118,2501
2523,I,25251,2502
2524,B,2950,2503
2525,R,57417,2504
2526,B,102,2506
2527,I,24956,2507
2528,B,2934,2508
2529,R,56883,2509
2530,B,128,2510
2531,I,25203,2511
2532,B,2956,2512
2533,R,57078,2513
2534,B,89,2514
2535,I,25324,2515
2536,B,2854,2516
2537,R,57033,2517
2538,B,89,2518
2539,I,25155,2519
2540,B,3001,2520
2541,R,57084,2521
2542,B,92,2522
2543,I,25264,2523
2544,B,3030,2524
2545,R,57283,2525
2546,B,108,2526
2547,I,25104,2527
2548,B,2950,2528
2549,R,57235,2529
2550,B,67,2531
2551,I,25276,2531
2552,B,2841,2533
2553,R,57225,2534
2554,B,89,2535
2555,I,25526,2536
2556,B,2896,2537
2557,R,56992,2538
2558,B,131,2539
2559,I,25398,2540
2560,B,2896,2541
2561,R,56796,2542
2562,B,67,2543
2563,I,25292,2544
2564,B,2899,2545
2565,R,56979,2546
2566,B,99,2547
2567,I,25270,2548
2568,B,2992,2549
2569,R,56998,2550
2570,B,99,2551
2571,I,25216,2552
2572,B,2867,2553
2573,R,56966,2554
2574,B,67,2555
2575,I,25360,2556
2576,B,2972,2557
2577,R,56844,2558
2578,B,89,2559
2579,I,25436,2560
2580,B,2947,2561
2581,R,56934,2562
2582,B,169,2564
2583,I,25350,2564
2584,B,2934,2566
2585,R,57072,2567
2586,B,185,2568
2587,I,25200,2569
2588,B,2704,2570
2589,R,56972,2571
2590,B,204,2572
2591,I,25033,2573
2592,B,2950,2574
2593,R,57030,2575
2594,B,96,2576
2595,I,25334,2577
2596,B,2902,2578
2597,R,56979,2579
2598,B,121,2580
2599,I,25017,2581
2600,B,3008,2582
2601,R,57350,2583
2602,B,118,2584
2603,I,25123,2585
2604,B,2912,2587
2605,R,57001,2588
2606,B,102,2589
2607,I,25139,2590
2608,B,2963,2591
2609,R,56988,2592
2610,B,124,2593
2611,I,25443,2594
2612,B,2960,2595
2613,R,56880,2596
2614,B,147,2597
2615,I,25571,2598
2616,B,2806,2599
2617,R,56787,2600
2618,B,99,2601
2619,I,25308,2602
2620,B,2937,2603
2621,R,57001,2604
2622,B,38,2605
2623,I,25337,2606
2624,B,2889,2607
2625,R,57001,2608
2626,B,80,2609
2627,I,25254,2610
2628,B,2985,2611
2629,R,57228,2612
2630,B,108,2614
2631,I,25248,2615
2632,B,3068,2616
2633,R,57177,2617
2634,B,185,2618
2635,I,25209,2619
2636,B,2915,2620
2637,R,56982,2621
2638,B,128,2622
2639,I,25308,2623
2640,B,3020,2624
2641,R,56803,2625
2642,B,89,2626
2643,I,25494,2627
2644,B,2873,2628
2645,R,56787,2629
2646,B,156,2630
2647,I,25478,2631
2648,B,2899,2632
2649,R,56976,2633
2650,B,124,2635
2651,I,25779,2635
2652,B,2745,2637
2653,R,56131,2638
2654,B,96,2639
2655,I,25296,2640
2656,B,2822,2641
2657,R,56835,2642
2658,B,92,2643
2659,I,25318,2644
2660,B,2857,2645
2661,R,57235,2646
2662,B,9,2647
2663,I,25049,2648
2664,B,3052,2649
2665,R,56800,2650
2666,B,128,2651
2667,I,25283,2652
2668,B,3030,2653
2669,R,56841,2654
2670,B,105,2655
2671,I,25353,2656
2672,B,2896,2657
2673,R,57043,2658
2674,B,128,2659
2675,I,25616,2660
2676,B,2912,2661
2677,R,56790,2662
2678,B,128,2664
2679,I,25603,2665
2680,B,2739,2666
2681,R,56585,2667
2682,B,128,2668
2683,I,25536,2669
2684,B,2912,2670
2685,R,56502,2671
2686,B,99,2672
2687,I,25430,2673
2688,B,2752,2674
2689,R,56979,2675
2690,B,89,2676
2691,I,25491,2677
2692,B,2844,2678
2693,R,57280,2679
2694,B,64,2680
2695,I,25459,2681
2696,B,2851,2682
2697,R,56780,2683
2698,B,115,2684
2699,I,25292,2685
2700,B,3078,2686
2701,R,56665,2687
2702,B,92,2689
2703,I,25420,2689
2704,B,2912,2690
2705,R,56982,2692
2706,B,188,2693
2707,I,25414,2694
2708,B,2902,2695
2709,R,56972,2696
2710,B,105,2697
2711,I,25552,2698
2712,B,2857,2699
2713,R,56620,2700
2714,B,262,2701
2715,I,25491,2702
2716,B,2928,2703
2717,R,56688,2704
2718,B,121,2705
2719,I,25510,2706
2720,B,2915,2707
2721,R,56761,2708
2722,B,102,2709
2723,I,25235,2710
2724,B,2886,2711
2725,R,56860,2713
2726,B,118,2714
2727,I,25312,2715
2728,B,2857,2716
2729,R,57059,2717
2730,B,115,2718
2731,I,25164,2719
2732,B,2892,2720
2733,R,56937,2721
2734,B,57,2722
2735,I,25212,2723
2736,B,2864,2724
2737,R,57414,2725
2738,B,131,2726
2739,I,25292,2727
2740,B,3004,2728
2741,R,57312,2729
2742,B,92,2730
2743,I,25536,2731
2744,B,2672,2732
2745,R,57129,2733
2746,B,144,2734
2747,I,25318,2735
2748,B,2889,2737
2749,R,56736,2738
2750,B,182,2739
2751,I,25600,2740
2752,B,2950,2741
2753,R,56755,2742
2754,B,144,2743
2755,I,25382,2744
2756,B,2899,2745
2757,R,56803,2746
2758,B,105,2747
2759,I,25363,2748
2760,B,2966,2749
2761,R,56700,2750
2762,B,99,2751
2763,I,25091,2752
2764,B,2940,2753
2765,R,56883,2754
2766,B,217,2755
2767,I,25353,2756
2768,B,3104,2757
2769,R,56796,2758
2770,B,83,2760
2771,I,25347,2760
2772,B,3052,2762
2773,R,57120,2763
2774,B,217,2764
2775,I,25289,2765
2776,B,2873,2766
2777,R,56809,2767
2778,B,86,2768
2779,I,25526,2769
2780,B,2950,2770
2781,R,56544,2771
2782,B,92,2772
2783,I,25465,2773
2784,B,2889,2774
2785,R,56704,2775
2786,B,67,2776
2787,I,25177,2777
2788,B,2928,2778
2789,R,57190,2779
2790,B,73,2780
2791,I,24870,2781
2792,B,2947,2782
2793,R,57203,2783
2794,B,96,2784
2795,I,25376,2785
2796,B,2889,2786
2797,R,57152,2787
2798,B,83,2788
2799,I,25289,2789
2800,B,2931,2790
2801,R,57081,2791
2802,B,115,2793
2803,I,25244,2794
2804,B,2784,2795
2805,R,56976,2796
2806,B,137,2797
2807,I,25401,2798
2808,B,2928,2799
2809,R,57046,2800
2810,B,83,2801
2811,I,25136,2802
2812,B,2931,2803
2813,R,56931,2804
2814,B,99,2805
2815,I,25100,2806
2816,B,3004,2807
2817,R,57136,2808
2818,B,147,2809
2819,I,25209,2810
2820,B,2780,2811
2821,R,56985,2812
2822,B,86,2813
2823,I,25084,2814
2824,B,2937,2815
2825,R,57027,2816
2826,B,105,2818
2827,I,25350,2818
2828,B,2905,2820
2829,R,56953,2821
2830,B,121,2822
2831,I,25372,2823
2832,B,2915,2824
2833,R,56860,2825
2834,B,89,2826
2835,I,25232,2827
2836,B,2896,2828
2837,R,57078,2829
2838,B,76,2830
2839,I,25158,2831
2840,B,2678,2832
2841,R,57286,2833
2842,B,83,2834
2843,I,25504,2835
2844,B,2880,2836
2845,R,56816,2837
2846,B,96,2838
2847,I,25360,2839
2848,B,2864,2840
2849,R,56950,2841
2850,B,83,2842
2851,I,25264,2843
2852,B,2963,2844
2853,R,57366,2845
2854,B,73,2846
2855,I,25308,2847
2856,B,2963,2848
2857,R,57241,2849
2858,B,108,2851
2859,I,25328,2852
2860,B,2883,2853
2861,R,56755,2854
2862,B,89,2855
2863,I,25379,2856
2864,B,2755,2857
2865,R,56720,2858
2866,B,150,2859
2867,I,25484,2860
2868,B,2780,2861
2869,R,57123,2862
2870,B,105,2863
2871,I,25404,2864
2872,B,2713,2865
2873,R,56848,2866
2874,B,99,2867
2875,I,25094,2868
2876,B,2966,2869
2877,R,57081,2870
2878,B,0,2871
2879,I,25363,2872
2880,B,2905,2873
2881,R,56678,2874
2882,B,246,2875
2883,I,25536,2876
2884,B,2752,2878
2885,R,56614,2879
2886,B,89,2880
2887,I,25692,2881
2888,B,2844,2882
2889,R,56838,2883
2890,B,320,2884
2891,I,25612,2885
2892,B,2838,2886
2893,R,56835,2887
2894,B,51,2888
2895,I,25497,2889
2896,B,2777,2890
2897,R,56611,2891
2898,B,70,2892
2899,I,25536,2893
2900,B,2985,2894
2901,R,57296,2895
2902,B,80,2896
2903,I,25481,2897
2904,B,2886,2898
2905,R,56553,2899
2906,B,54,2900
2907,I,24892,2901
2908,B,2950,2902
2909,R,56905,2903
2910,B,80,2904
2911,I,25123,2905
2912,B,2867,2906
2913,R,57254,2907
2914,B,76,2909
2915,I,25315,2909
2916,B,2745,2911
2917,R,57024,2912
2918,B,118,2913
2919,I,25516,2914
2920,B,2668,2915
2921,R,56934,2916
2922,B,80,2917
2923,I,25360,2918
2924,B,2899,2919
2925,R,57116,2920
2926,B,60,2921
2927,I,25139,2922
2928,B,2864,2923
2929,R,56889,2924
2930,B,32,2925
2931,I,25177,2926
2932,B,2928,2927
2933,R,57555,2928
2934,B,121,2929
2935,I,25273,2930
2936,B,2790,2931
2937,R,57315,2932
2938,B,70,2933
2939,I,25404,2934
2940,B,2896,2935
2941,R,57436,2936
2942,B,89,2938
2943,I,25276,2938
2944,B,2841,2939
2945,R,57257,2941
2946,B,256,2942
2947,I,25344,2943
2948,B,2982,2944
2949,R,57254,2945
2950,B,54,2946
2951,I,25379,2947
2952,B,2752,2948
2953,R,57056,2949
2954,B,76,2950
2955,I,25308,2951
2956,B,2950,2952
2957,R,56684,2953
2958,B,89,2954
2959,I,25446,2955
2960,B,2892,2956
2961,R,56857,2957
2962,B,246,2958
2963,I,25337,2959
2964,B,3142,2960
2965,R,57260,2961
2966,B,137,2962
2967,I,25318,2963
2968,B,3043,2964
2969,R,57030,2965
2970,B,112,2967
2971,I,25347,2968
2972,B,2931,2969
2973,R,57020,2970
2974,B,185,2971
2975,I,25315,2972
2976,B,2985,2973
2977,R,56793,2974
2978,B,83,2975
2979,I,25510,2976
2980,B,2854,2977
2981,R,57299,2978
2982,B,89,2979
2983,I,25241,2980
2984,B,2796,2981
2985,R,57321,2982
2986,B,73,2983
2987,I,25382,2984
2988,B,2966,2985
2989,R,56787,2986
2990,B,128,2987
2991,I,25219,2988
2992,B,2950,2989
2993,R,57155,2990
2994,B,9,2992
2995,I,25324,2992
2996,B,2892,2993
2997,R,57059,2994
2998,B,118,2996
2999,I,25424,2996
3000,B,3056,2998
3001,R,57344,2999
3002,B,83,3000
3003,I,25619,3001
3004,B,2969,3002
3005,R,56668,3003
3006,B,304,3004
3007,I,25404,3005
3008,B,2838,3006
3009,R,57308,3007
3010,B,105,3008
3011,I,25619,3009
3012,B,2806,3010
3013,R,57033,3011
3014,B,121,3012
3015,I,25529,3013
3016,B,2851,3014
3017,R,57123,3015
3018,B,105,3016
3019,I,25219,3017
3020,B,2867,3019
3021,R,56972,3020
3022,B,131,3021
3023,I,25289,3022
3024,B,2972,3023
3025,R,56908,3024
3026,B,99,3025
3027,I,25398,3026
3028,B,3260,3027
3029,R,57184,3028
3030,B,99,3029
3031,I,25318,3030
3032,B,2848,3031
3033,R,57104,3032
3034,B,208,3033
3035,I,25068,3034
3036,B,3116,3035
3037,R,57235,3036
3038,B,73,3037
3039,I,25340,3038
3040,B,2752,3039
3041,R,57180,3040
3042,B,134,3041
3043,I,25424,3042
3044,B,2688,3043
3045,R,57353,3044
3046,B,102,3046
3047,I,25152,3047
3048,B,2873,3048
3049,R,57046,3049
3050,B,92,3050
3051,I,25193,3051
3052,B,2905,3052
3053,R,57014,3053
3054,B,182,3054
3055,I,25350,3055
3056,B,3164,3056
3057,R,57228,3057
3058,B,92,3058
3059,I,25235,3059
3060,B,2972,3060
3061,R,57366,3061
3062,B,166,3062
3063,I,25193,3063
3064,B,2969,3064
3065,R,57203,3065
3066,B,89,3066
3067,I,25148,3067
3068,B,2976,3068
3069,R,57286,3069
3070,B,89,3071
3071,I,25174,3071
3072,B,3043,3073
3073,R,57238,3074
3074,B,134,3075
3075,I,25504,3076
3076,B,2880,3077
3077,R,57072,3078
3078,B,198,3079
3079,I,25420,3080
3080,B,2844,3081
3081,R,56700,3082
3082,B,118,3083
3083,I,25254,3084
3084,B,2825,3085
3085,R,56835,3086
3086,B,118,3087
3087,I,25552,3088
3088,B,2902,3089
3089,R,56617,3090
3090,B,102,3091
3091,I,25356,3092
3092,B,2902,3094
3093,R,56489,3095
3094,B,86,3096
3095,I,25440,3097
3096,B,2880,3098
3097,R,56956,3099
3098,B,134,3100
3099,I,25488,3101
3100,B,2899,3102
3101,R,57046,3103
3102,B,134,3104
3103,I,25456,3105
3104,B,2940,3106
3105,R,56643,3107
3106,B,121,3108
3107,I,25494,3109
3108,B,2841,3110
3109,R,56944,3111
3110,B,153,3112
3111,I,25372,3113
3112,B,2870,3114
3113,R,56803,3115
3114,B,0,3117
3115,I,25212,3117
3116,B,2851,3118
3117,R,56924,3119
3118,B,172,3121
3119,I,25276,3122
3120,B,2969,3123
3121,R,57001,3124
3122,B,89,3125
3123,I,25452,3126
3124,B,3008,3127
3125,R,56835,3128
3126,B,329,3129
3127,I,25356,3130
3128,B,2937,3131
3129,R,57168,3132
3130,B,108,3133
3131,I,25472,3134
3132,B,2918,3135
3133,R,56688,3136
3134,B,249,3137
3135,I,25353,3138
3136,B,2732,3139
3137,R,56940,3140
3138,B,256,3142
3139,I,25289,3142
3140,B,2918,3144
3141,R,56944,3145
3142,B,134,3146
3143,I,25532,3147
3144,B,2601,3148
3145,R,56361,3149
3146,B,80,3150
3147,I,24832,3151
3148,B,2864,3152
3149,R,57094,3153
3150,B,99,3154
3151,I,24908,3155
3152,B,2969,3156
3153,R,57094,3157
3154,B,44,3158
3155,I,25209,3159
3156,B,3145,3160
3157,R,57200,3161
3158,B,102,3162
3159,I,25276,3163
3160,B,2921,3164
3161,R,56928,3165
3162,B,128,3166
3163,I,25187,3167
3164,B,2924,3169
3165,R,56524,3170
3166,B,112,3171
3167,I,25094,3172
3168,B,2940,3173
3169,R,56758,3174
3170,B,265,3175
3171,I,25385,3176
3172,B,2796,3177
3173,R,56694,3178
3174,B,118,3179
3175,I,25497,3180
3176,B,2755,3181
3177,R,56339,3182
3178,B,105,3183
3179,I,25580,3184
3180,B,2931,3185
3181,R,56348,3186
3182,B,115,3187
3183,I,25452,3188
3184,B,2841,3190
3185,R,56534,3191
3186,B,128,3192
3187,I,25203,3193
3188,B,2931,3194
3189,R,56361,3195
3190,B,115,3196
3191,I,25276,3197
3192,B,2908,3198
3193,R,56883,3199
3194,B,112,3200
3195,I,25196,3201
3196,B,2998,3202
3197,R,56636,3203
3198,B,144,3204
3199,I,25084,3205
3200,B,3120,3206
3201,R,56806,3207
3202,B,121,3208
3203,I,25315,3209
3204,B,2694,3211
3205,R,56880,3212
3206,B,201,3213
3207,I,25376,3214
3208,B,2985,3215
3209,R,56454,3216
3210,B,83,3217
3211,I,25145,3218
3212,B,2633,3219
3213,R,56851,3220
3214,B,83,3221
3215,I,25120,3222
3216,B,2876,3223
3217,R,57273,3224
3218,B,64,3225
3219,I,25267,3226
3220,B,2838,3227
3221,R,57078,3228
3222,B,156,3229
3223,I,25276,3230
3224,B,3059,3231
3225,R,56851,3232
3226,B,108,3233
3227,I,24976,3234
3228,B,3024,3235
3229,R,56835,3236
3230,B,108,3238
3231,I,25280,3239
3232,B,2908,3240
3233,R,56713,3241
3234,B,185,3242
3235,I,25372,3243
3236,B,2985,3244
3237,R,56937,3245
3238,B,137,3246
3239,I,25628,3247
3240,B,2745,3248
3241,R,56576,3249
3242,B,297,3250
3243,I,25603,3251
3244,B,2931,3252
3245,R,56396,3253
3246,B,131,3254
3247,I,25494,3255
3248,B,2780,3256
3249,R,56524,3257
3250,B,131,3259
3251,I,25443,3260
3252,B,2774,3261
3253,R,56476,3262
3254,B,92,3263
3255,I,25238,3264
3256,B,2921,3265
3257,R,56726,3266
3258,B,92,3267
3259,I,25312,3268
3260,B,2960,3269
3261,R,56790,3270
3262,B,102,3271
3263,I,25238,3272
3264,B,3152,3273
3265,R,57312,3274
3266,B,115,3275
3267,I,25350,3276
3268,B,2844,3277
3269,R,56905,3278
3270,B,224,3279
3271,I,25353,3280
3272,B,2979,3281
3273,R,57120,3283
3274,B,105,3284
3275,I,25155,3285
3276,B,2892,3286
3277,R,57024,3287
3278,B,284,3288
3279,I,25184,3289
3280,B,2812,3290
3281,R,57104,3291
3282,B,108,3292
3283,I,25046,3293
3284,B,2876,3294
3285,R,57222,3295
3286,B,3,3296
3287,I,25324,3297
3288,B,2806,3298
3289,R,57100,3299
3290,B,188,3300
3291,I,25206,3301
3292,B,3065,3302
3293,R,57075,3303
3294,B,64,3304
3295,I,25020,3305
3296,B,2892,3306
3297,R,56998,3307
3298,B,211,3309
3299,I,25072,3310
3300,B,2966,3311
3301,R,57372,3312
3302,B,99,3313
3303,I,25337,3314
3304,B,2947,3315
3305,R,57251,3316
3306,B,108,3317
3307,I,25081,3318
3308,B,2688,3319
3309,R,56700,3320
3310,B,118,3321
3311,I,25049,3322
3312,B,2924,3323
3313,R,57123,3324
3314,B,102,3325
3315,I,25123,3326
3316,B,2902,3327
3317,R,57049,3328
3318,B,76,3329
3319,I,25081,3330
3320,B,3017,3331
3321,R,57171,3332
3322,B,64,3334
3323,I,25017,3334
3324,B,2848,3336
3325,R,56995,3337
3326,B,89,3338
3327,I,24985,3339
3328,B,2966,3340
3329,R,56819,3341
3330,B,131,3342
3331,I,25075,3343
3332,B,2780,3344
3333,R,57097,3345
3334,B,211,3346
3335,I,25126,3347
3336,B,2896,3348
3337,R,56761,3349
3338,B,83,3350
3339,I,25324,3351
3340,B,2716,3352
3341,R,56201,3353
3342,B,92,3354
3343,I,24838,3355
3344,B,2956,3356
3345,R,56496,3357
3346,B,73,3358
3347,I,24972,3359
3348,B,2908,3360
3349,R,57068,3361
3350,B,163,3363
3351,I,24899,3364
3352,B,2956,3365
3353,R,57123,3366
3354,B,169,3367
3355,I,24902,3368
3356,B,3030,3369
3357,R,56672,3370
3358,B,80,3371
3359,I,25078,3372
3360,B,2857,3373
3361,R,56624,3374
3362,B,128,3375
3363,I,25120,3376
3364,B,2729,3377
3365,R,56595,3378
3366,B,86,3379
3367,I,25136,3380
3368,B,2723,3381
3369,R,56729,3382
3370,B,70,3383
3371,I,24902,3384
3372,B,3011,3385
3373,R,56905,3386
3374,B,99,3388
3375,I,24716,3388
3376,B,2883,3389
3377,R,56864,3391
3378,B,96,3392
3379,I,25193,3392
3380,B,2931,3394
3381,R,56294,3395
3382,B,80,3396
3383,I,25184,3397
3384,B,2793,3398
3385,R,56172,3399
3386,B,204,3400
3387,I,25129,3401
3388,B,2764,3402
3389,R,56540,3403
3390,B,99,3404
3391,I,25155,3405
3392,B,2896,3406
3393,R,56582,3407
3394,B,76,3408
3395,I,25145,3409
3396,B,2764,3410
3397,R,56659,3411
3398,B,41,3412
3399,I,25292,3413
3400,B,2848,3414
3401,R,56147,3415
3402,B,80,3416
3403,I,24988,3417
3404,B,2908,3418
3405,R,56592,3419
3406,B,70,3421
3407,I,24908,3421
3408,B,2905,3422
3409,R,56643,3424
3410,B,198,3425
3411,I,25059,3426
3412,B,2950,3427
3413,R,56931,3428
3414,B,102,3429
3415,I,25187,3430
3416,B,2736,3431
3417,R,56457,3432
3418,B,105,3433
3419,I,25024,3434
3420,B,2620,3435
3421,R,56220,3436
3422,B,137,3437
3423,I,25052,3438
3424,B,2841,3439
3425,R,56547,3440
3426,B,92,3441
3427,I,25180,3442
3428,B,2851,3443
3429,R,56118,3444
3430,B,99,3446
3431,I,25129,3446
3432,B,2790,3448
3433,R,56118,3449
3434,B,51,3450
3435,I,25091,3451
3436,B,2761,3452
3437,R,56508,3453
3438,B,86,3454
3439,I,24995,3455
3440,B,2838,3456
3441,R,56524,3457
3442,B,70,3458
3443,I,25257,3459
3444,B,2809,3460
3445,R,56489,3461
3446,B,60,3462
3447,I,25088,3463
3448,B,2905,3464
3449,R,56499,3465
3450,B,73,3466
3451,I,24896,3467
3452,B,2921,3468
3453,R,56528,3469
3454,B,92,3470
3455,I,24956,3471
3456,B,2905,3472
3457,R,56825,3473
3458,B,96,3474
3459,I,25084,3475
3460,B,3014,3476
3461,R,56665,3477
3462,B,112,3478
3463,I,25024,3479
3464,B,2902,3481
3465,R,56560,3482
3466,B,96,3483
3467,I,25011,3484
3468,B,2928,3485
3469,R,57075,3486
3470,B,124,3487
3471,I,24707,3488
3472,B,2937,3489
3473,R,56899,3490
3474,B,182,3491
3475,I,25190,3492
3476,B,2896,3493
3477,R,56729,3494
3478,B,118,3495
3479,I,25011,3496
3480,B,2780,3497
3481,R,56243,3498
3482,B,67,3499
3483,I,24771,3500
3484,B,2835,3501
3485,R,56736,3502
3486,B,96,3503
3487,I,24953,3504
3488,B,3129,3505
3489,R,56422,3506
3490,B,108,3508
3491,I,24982,3509
3492,B,2969,3510
3493,R,56668,3511
3494,B,153,3512
3495,I,25004,3513
3496,B,2960,3514
3497,R,56259,3515
3498,B,86,3516
3499,I,25043,3517
3500,B,2966,3518
3501,R,56790,3519
3502,B,76,3520
3503,I,24768,3521
3504,B,2832,3522
3505,R,56643,3523
3506,B,128,3524
3507,I,24892,3525
3508,B,2838,3526
3509,R,57209,3527
3510,B,86,3528
3511,I,25168,3529
3512,B,2819,3530
3513,R,56860,3531
3514,B,233,3533
3515,I,24828,3533
3516,B,2921,3535
3517,R,56889,3536
3518,B,99,3537
3519,I,25033,3538
3520,B,2928,3539
3521,R,56694,3540
3522,B,67,3541
3523,I,24940,3542
3524,B,3225,3543
3525,R,56694,3544
3526,B,44,3545
3527,I,25024,3546
3528,B,2947,3547
3529,R,56720,3548
3530,B,105,3549
3531,I,24905,3550
3532,B,2857,3551
3533,R,56662,3552
3534,B,89,3553
3535,I,25164,3554
3536,B,2812,3555
3537,R,56675,3556
3538,B,83,3557
3539,I,25091,3558
3540,B,2972,3559
3541,R,56707,3560
3542,B,83,3562
3543,I,25184,3562
3544,B,2896,3563
3545,R,56784,3565
3546,B,86,3566
3547,I,25052,3566
3548,B,2924,3568
3549,R,56451,3569
3550,B,102,3570
3551,I,24944,3571
3552,B,2902,3572
3553,R,56729,3573
3554,B,160,3574
3555,I,25001,3575
3556,B,3065,3576
3557,R,56595,3577
3558,B,115,3578
3559,I,25161,3579
3560,B,2931,3580
3561,R,56678,3581
3562,B,140,3582
3563,I,25072,3583
3564,B,2899,3584
3565,R,56537,3585
3566,B,38,3587
3567,I,25126,3587
3568,B,2835,3589
3569,R,56400,3590
3570,B,208,3591
3571,I,25171,3592
3572,B,2902,3593
3573,R,56732,3594
3574,B,92,3595
3575,I,25193,3596
3576,B,2771,3597
3577,R,56940,3598
3578,B,73,3599
3579,I,24851,3600
3580,B,2835,3601
3581,R,56921,3602
3582,B,208,3603
3583,I,24956,3604
3584,B,3123,3605
3585,R,57004,3606
3586,B,83,3607
3587,I,25049,3608
3588,B,2934,3609
3589,R,56544,3610
3590,B,198,3611
3591,I,24912,3612
3592,B,2883,3613
3593,R,57001,3614
3594,B,112,3616
3595,I,25075,3617
3596,B,2924,3618
3597,R,56505,3619
3598,B,99,3620
3599,I,24812,3621
3600,B,2758,3622
3601,R,56745,3623
3602,B,86,3624
3603,I,25056,3625
3604,B,2832,3626
3605,R,56937,3627
3606,B,118,3628
3607,I,24969,3629
3608,B,2844,3630
3609,R,56668,3631
3610,B,70,3632
3611,I,24700,3633
3612,B,2848,3634
3613,R,56624,3635
3614,B,89,3636
3615,I,25040,3637
3616,B,2828,3638
3617,R,56550,3639
3618,B,83,3640
3619,I,25065,3641
3620,B,2848,3642
3621,R,56761,3643
3622,B,249,3645
3623,I,25177,3646
3624,B,2928,3647
3625,R,56512,3648
3626,B,80,3649
3627,I,25056,3650
3628,B,2928,3651
3629,R,56211,3652
3630,B,115,3653
3631,I,25091,3654
3632,B,2889,3655
3633,R,56585,3656
3634,B,76,3657
3635,I,25107,3658
3636,B,3078,3659
3637,R,56771,3660
3638,B,112,3661
3639,I,25260,3662
3640,B,2784,3663
3641,R,56585,3664
3642,B,89,3665
3643,I,25107,3666
3644,B,3168,3667
3645,R,56700,3668
3646,B,67,3670
3647,I,24956,3670
3648,B,2848,3671
3649,R,56435,3673
3650,B,76,3674
3651,I,25145,3674
3652,B,2931,3676
3653,R,56656,3677
3654,B,108,3678
3655,I,25196,3679
3656,B,2710,3680
3657,R,56604,3681
3658,B,89,3682
3659,I,25142,3683
3660,B,2809,3684
3661,R,56444,3685
3662,B,60,3686
3663,I,24937,3687
3664,B,2940,3688
3665,R,56566,3689
3666,B,102,3690
3667,I,24732,3691
3668,B,2940,3692
3669,R,56636,3693
3670,B,83,3694
3671,I,25094,3695
3672,B,2908,3696
3673,R,56864,3697
3674,B,188,3698
3675,I,25011,3699
3676,B,2969,3701
3677,R,56860,3702
3678,B,124,3703
3679,I,25008,3704
3680,B,2822,3705
3681,R,56659,3706
3682,B,131,3707
3683,I,25065,3708
3684,B,2742,3709
3685,R,56694,3710
3686,B,259,3711
3687,I,25075,3712
3688,B,2864,3713
3689,R,56553,3714
3690,B,112,3715
3691,I,24985,3716
3692,B,2716,3717
3693,R,56390,3718
3694,B,86,3719
3695,I,24908,3720
3696,B,2784,3721
3697,R,56326,3722
3698,B,57,3724
3699,I,24876,3724
3700,B,3142,3726
3701,R,56694,3727
3702,B,38,3728
3703,I,24896,3729
3704,B,3040,3730
3705,R,57244,3731
3706,B,99,3732
3707,I,25059,3733
3708,B,2921,3734
3709,R,56275,3735
3710,B,128,3736
3711,I,24937,3737
3712,B,2873,3738
3713,R,56736,3739
3714,B,80,3740
3715,I,25110,3741
3716,B,2915,3742
3717,R,56294,3743
3718,B,92,3744
3719,I,25001,3745
3720,B,2841,3746
3721,R,56550,3747
3722,B,102,3748
3723,I,24710,3749
3724,B,3008,3750
3725,R,56713,3751
3726,B,99,3753
3727,I,24742,3753
3728,B,2768,3755
3729,R,56768,3756
3730,B,92,3757
3731,I,25120,3758
3732,B,3017,3759
3733,R,56384,3760
3734,B,76,3761
3735,I,25184,3762
3736,B,2691,3763
3737,R,56108,3764
3738,B,57,3765
3739,I,25228,3766
3740,B,2780,3767
3741,R,56272,3768
3742,B,86,3769
3743,I,24828,3770
3744,B,2694,3771
3745,R,56131,3772
3746,B,73,3773
3747,I,24969,3774
3748,B,2835,3775
3749,R,56211,3776
3750,B,67,3777
3751,I,24550,3778
3752,B,2902,3779
3753,R,56742,3780
3754,B,51,3781
3755,I,24803,3782
3756,B,2940,3783
3757,R,56627,3784
3758,B,105,3785
3759,I,24844,3786
3760,B,2873,3788
3761,R,56390,3789
3762,B,220,3790
3763,I,24924,3791
3764,B,2835,3792
3765,R,56425,3793
3766,B,57,3794
3767,I,25158,3795
3768,B,2803,3796
3769,R,56246,3797
3770,B,102,3798
3771,I,24966,3799
3772,B,2902,3800
3773,R,56454,3801
3774,B,0,3802
3775,I,24675,3803
3776,B,2790,3804
3777,R,56486,3805
3778,B,233,3806
3779,I,24918,3807
3780,B,3052,3808
3781,R,56966,3809
3782,B,89,3810
3783,I,24966,3811
3784,B,2982,3812
3785,R,56745,3813
3786,B,89,3815
3787,I,24828,3815
3788,B,2892,3817
3789,R,56304,3818
3790,B,172,3819
3791,I,24950,3820
3792,B,2928,3821
3793,R,56272,3822
3794,B,144,3823
3795,I,25126,3824
3796,B,2841,3825
3797,R,56323,3826
3798,B,137,3827
3799,I,25014,3828
3800,B,2940,3829
3801,R,56224,3830
3802,B,96,3831
3803,I,24966,3832
3804,B,2918,3833
3805,R,56592,3834
3806,B,67,3835
3807,I,24630,3836
3808,B,2944,3837
3809,R,56544,3838
3810,B,89,3839
3811,I,24963,3840
3812,B,2921,3841
3813,R,56729,3842
3814,B,96,3844
3815,I,25056,3844
3816,B,3043,3846
3817,R,56950,3847
3818,B,208,3848
3819,I,25030,3849
3820,B,2896,3850
3821,R,56214,3851
3822,B,99,3852
3823,I,24832,3853
3824,B,2892,3854
3825,R,56694,3855
3826,B,105,3856
3827,I,24899,3857
3828,B,2889,3858
3829,R,57008,3859
3830,B,128,3860
3831,I,24880,3861
3832,B,2947,3862
3833,R,56736,3863
3834,B,70,3864
3835,I,24768,3865
3836,B,2835,3866
3837,R,56374,3867
3838,B,108,3869
3839,I,24825,3869
3840,B,3100,3871
3841,R,56873,3872
3842,B,102,3873
3843,I,24956,3874
3844,B,3001,3875
3845,R,56691,3876
3846,B,105,3877
3847,I,25004,3878
3848,B,2934,3879
3849,R,56374,3880
3850,B,137,3881
3851,I,25164,3882
3852,B,2937,3883
3853,R,56416,3884
3854,B,137,3885
3855,I,25289,3886
3856,B,2931,3887
3857,R,55964,3888
3858,B,121,3890
3859,I,25312,3890
3860,B,2864,3892
3861,R,56092,3893
3862,B,105,3894
3863,I,25216,3895
3864,B,2793,3896
3865,R,56444,3897
3866,B,124,3898
3867,I,25049,3899
3868,B,2780,3900
3869,R,56115,3901
3870,B,102,3902
3871,I,24857,3903
3872,B,2851,3904
3873,R,56556,3905
3874,B,128,3906
3875,I,24800,3907
3876,B,2889,3908
3877,R,56656,3909
3878,B,115,3911
3879,I,24908,3911
3880,B,2873,3913
3881,R,56441,3914
3882,B,48,3915
3883,I,24889,3916
3884,B,3040,3917
3885,R,56710,3918
3886,B,80,3919
3887,I,25024,3920
3888,B,2713,3921
3889,R,56649,3922
3890,B,86,3923
3891,I,25180,3924
3892,B,2780,3925
3893,R,56896,3926
3894,B,115,3927
3895,I,25212,3928
3896,B,2736,3929
3897,R,56950,3930
3898,B,54,3931
3899,I,25020,3932
3900,B,2934,3933
3901,R,56512,3934
3902,B,83,3935
3903,I,24956,3936
3904,B,2841,3937
3905,R,56179,3938
3906,B,64,3940
3907,I,24960,3940
3908,B,3110,3941
3909,R,56512,3943
3910,B,102,3944
3911,I,25062,3945
3912,B,2780,3946
3913,R,56748,3947
3914,B,80,3948
3915,I,25190,3949
3916,B,2934,3950
3917,R,56636,3951
3918,B,105,3952
3919,I,25184,3953
3920,B,2681,3954
3921,R,56502,3955
3922,B,236,3956
3923,I,25046,3957
3924,B,2867,3958
3925,R,56499,3959
3926,B,118,3960
3927,I,25232,3961
3928,B,2809,3962
3929,R,56467,3963
3930,B,108,3965
3931,I,25081,3965
3932,B,2886,3967
3933,R,56227,3968
3934,B,96,3969
3935,I,24758,3970
3936,B,3004,3971
3937,R,56448,3972
3938,B,80,3973
3939,I,24873,3974
3940,B,2886,3975
3941,R,57008,3976
3942,B,80,3977
3943,I,25100,3978
3944,B,2857,3979
3945,R,56771,3980
3946,B,80,3981
3947,I,25164,3982
3948,B,2886,3983
3949,R,56713,3984
3950,B,121,3985
3951,I,25136,3986
3952,B,2803,3987
3953,R,56515,3988
3954,B,147,3989
3955,I,24979,3990
3956,B,2889,3991
3957,R,56313,3992
3958,B,99,3994
3959,I,24934,3994
3960,B,2947,3996
3961,R,56579,3997
3962,B,83,3998
3963,I,24924,3999
3964,B,2934,4000
3965,R,56828,4001
3966,B,118,4002
3967,I,24812,4003
3968,B,2995,4004
3969,R,56691,4005
3970,B,86,4006
3971,I,24921,4007
3972,B,2937,4008
3973,R,56582,4009
3974,B,217,4010
3975,I,25001,4011
3976,B,2739,4012
3977,R,56972,4013
3978,B,89,4014
3979,I,25094,4015
3980,B,2732,4016
3981,R,56627,4017
3982,B,211,4018
3983,I,25059,4019
3984,B,2976,4021
3985,R,56508,4022
3986,B,86,4023
3987,I,25059,4024
3988,B,2816,4025
3989,R,56556,4026
3990,B,89,4027
3991,I,25120,4028
3992,B,2886,4029
3993,R,56441,4030
3994,B,112,4031
3995,I,24835,4032
3996,B,2976,4033
3997,R,56777,4034
3998,B,86,4035
3999,I,25120,4036
4000,B,2867,4037
4001,R,56121,4038
4002,B,124,4039
4003,I,25084,4040
4004,B,2979,4041
4005,R,56841,4042
4006,B,105,4043
4007,I,25084,4044
4008,B,2928,4045
4009,R,56419,4046
4010,B,307,4048
4011,I,24912,4049
4012,B,2892,4050
4013,R,56489,4051
4014,B,99,4052
4015,I,25030,4053
4016,B,2960,4054
4017,R,56400,4055
4018,B,96,4056
4019,I,24876,4057
4020,B,2876,4058
4021,R,56992,4059
4022,B,108,4060
4023,I,25008,4061
4024,B,2908,4062
4025,R,56787,4063
4026,B,25,4064
4027,I,24732,4065
4028,B,3004,4066
4029,R,56608,4067
4030,B,108,4068
4031,I,24870,4069
4032,B,2825,4070
4033,R,56726,4071
4034,B,89,4073
4035,I,25027,4073
4036,B,2761,4075
4037,R,56441,4076
4038,B,99,4077
4039,I,25187,4078
4040,B,2876,4079
4041,R,56809,4080
4042,B,179,4081
4043,I,25088,4082
4044,B,2870,4083
4045,R,56368,4084
4046,B,115,4085
4047,I,24995,4086
4048,B,2899,4087
4049,R,56649,4088
4050,B,112,4089
4051,I,24992,4090
4052,B,2604,4091
4053,R,56704,4092
4054,B,102,4093
4055,I,24979,4094
4056,B,2892,4095
4057,R,56729,4096
4058,B,83,4098
4059,I,24902,4098
4060,B,2963,4100
4061,R,56883,4101
4062,B,131,4102
4063,I,24988,4103
4064,B,2876,4104
4065,R,56742,4105
4066,B,92,4106
4067,I,25238,4107
4068,B,3075,4108
4069,R,56585,4109
4070,B,64,4110
4071,I,24873,4111
4072,B,2867,4112
4073,R,56713,4113
4074,B,99,4114
4075,I,25097,4115
4076,B,2889,4116
4077,R,56560,4117
4078,B,105,4118
4079,I,24992,4119
4080,B,2720,4120
4081,R,56854,4121
4082,B,83,4122
4083,I,25014,4123
4084,B,2860,4124
4085,R,56704,4125
4086,B,92,4127
4087,I,25043,4127
4088,B,2880,4129
4089,R,56617,4130
4090,B,6,4131
4091,I,24915,4131
4092,B,2787,4133
4093,R,56492,4134
4094,B,230,4135
4095,I,25155,4136
4096,B,3036,4137
4097,R,56364,4138
4098,B,67,4139
4099,I,25267,4140
4100,B,2684,4141
4101,R,56464,4142
4102,B,214,4143
4103,I,25507,4144
4104,B,2787,4145
4105,R,56636,4146
4106,B,86,4147
4107,I,25193,4148
4108,B,2924,4149
4109,R,56252,4150
4110,B,54,4151
4111,I,25046,4152
4112,B,2844,4153
4113,R,56339,4154
4114,B,67,4155
4115,I,25084,4156
4116,B,2828,4157
4117,R,56582,4158
4118,B,83,4160
4119,I,24998,4160
4120,B,2748,4162
4121,R,56230,4163
4122,B,48,4164
4123,I,24944,4165
4124,B,2912,4166
4125,R,56726,4167
4126,B,224,4168
4127,I,24963,4169
4128,B,2665,4170
4129,R,56496,4171
4130,B,198,4172
4131,I,25168,4173
4132,B,2886,4174
4133,R,56409,4175
4134,B,73,4176
4135,I,25244,4177
4136,B,2822,4178
4137,R,56787,4179
4138,B,35,4180
4139,I,25104,4181
4140,B,2864,4182
4141,R,56294,4183
4142,B,48,4184
4143,I,24953,4185
4144,B,2886,4186
4145,R,56448,4187
4146,B,44,4189
4147,I,24704,4189
4148,B,2969,4190
4149,R,56854,4192
4150,B,60,4193
4151,I,25104,4193
4152,B,2838,4195
4153,R,57017,4196
4154,B,102,4197
4155,I,25190,4198
4156,B,2793,4199
4157,R,56848,4200
4158,B,128,4201
4159,I,25065,4202
4160,B,2688,4203
4161,R,56313,4204
4162,B,86,4205
4163,I,24963,4206
4164,B,2806,4207
4165,R,56560,4208
4166,B,51,4209
4167,I,24720,4210
4168,B,2854,4211
4169,R,56867,4212
4170,B,83,4213
4171,I,24828,4214
4172,B,3145,4215
4173,R,57075,4216
4174,B,99,4217
4175,I,25046,4218
4176,B,2828,4219
4177,R,56448,4220
4178,B,256,4222
4179,I,24966,4223
4180,B,2934,4224
4181,R,56585,4225
4182,B,96,4226
4183,I,25216,4227
4184,B,2732,4228
4185,R,56598,4229
4186,B,64,4230
4187,I,24992,4231
4188,B,2774,4232
4189,R,56700,4233
4190,B,80,4234
4191,I,25212,4235
4192,B,2675,4236
4193,R,56153,4237
4194,B,96,4238
4195,I,25088,4239
4196,B,2969,4240
4197,R,56713,4241
4198,B,41,4242
4199,I,25110,4243
4200,B,2992,4244
4201,R,56844,4245
4202,B,96,4246
4203,I,25100,4247
4204,B,3040,4248
4205,R,56617,4249
4206,B,44,4250
4207,I,25244,4251
4208,B,2828,4252
4209,R,56502,4253
4210,B,124,4255
4211,I,25084,4256
4212,B,2694,4257
4213,R,56473,4258
4214,B,83,4259
4215,I,25145,4260
4216,B,2726,4261
4217,R,56672,4262
4218,B,48,4263
4219,I,24982,4264
4220,B,2912,4265
4221,R,56694,4266
4222,B,54,4267
4223,I,24969,4268
4224,B,2921,4269
4225,R,56755,4270
4226,B,60,4271
4227,I,25075,4272
4228,B,3008,4273
4229,R,56848,4274
4230,B,89,4275
4231,I,25145,4276
4232,B,2854,4277
4233,R,56915,4278
4234,B,198,4279
4235,I,25004,4280
4236,B,2873,4281
4237,R,56774,4282
4238,B,80,4284
4239,I,25174,4284
4240,B,2848,4286
4241,R,56470,4287
4242,B,64,4288
4243,I,24982,4289
4244,B,2736,4290
4245,R,56691,4291
4246,B,38,4292
4247,I,25110,4293
4248,B,2857,4294
